#BASIS SET
H aug-QZV3P-GTH
  4
  1  0  0  6  4
       12.5350945530   0.0114321687   0.0000000000   0.0000000000   0.0000000000
        4.5491539489   0.0344048283   0.0000000000   0.0000000000   0.0000000000
        1.6685193606   0.1007746979   0.0000000000   0.0000000000   0.0000000000
        0.6523849556   0.2302169182   1.0000000000   0.0000000000   0.0000000000
        0.2733011244   0.4067637930   0.0000000000   1.0000000000   0.0000000000
        0.1390608890   0.3322841300   0.0000000000   0.0000000000   1.0000000000
  2  1  1  3  3
        2.2920000000   1.0000000000   0.0000000000   0.0000000000
        0.8380000000   0.0000000000   1.0000000000   0.0000000000
        0.2920000000   0.0000000000   0.0000000000   1.0000000000
  5  0  0  1  1
        0.0236300000   1.0000000000
  5  1  1  1  1
        0.0848000000   1.0000000000
#
#BASIS SET
C aug-QZV3P-GTH
  4
  2  0  1  6  4  4
        6.2117903778  -0.0646967401   0.0000000000   0.0000000000   0.0000000000   0.0325569458   0.0000000000   0.0000000000   0.0000000000
        2.6063423906  -0.1297753357   0.0000000000   0.0000000000   0.0000000000   0.1202876489   0.0000000000   0.0000000000   0.0000000000
        1.0110258071   0.1365330322   0.0000000000   0.0000000000   0.0000000000   0.2556810166   0.0000000000   0.0000000000   0.0000000000
        0.4099767831   0.5183875877   1.0000000000   0.0000000000   0.0000000000   0.3643736556   1.0000000000   0.0000000000   0.0000000000
        0.1615409293   0.4426674841   0.0000000000   1.0000000000   0.0000000000   0.3489621232   0.0000000000   1.0000000000   0.0000000000
        0.0597349919   0.0598757918   0.0000000000   0.0000000000   1.0000000000   0.1399973180   0.0000000000   0.0000000000   1.0000000000
  3  2  2  3  3
        1.8480000000   1.0000000000   0.0000000000   0.0000000000
        0.6490000000   0.0000000000   1.0000000000   0.0000000000
        0.2280000000   0.0000000000   0.0000000000   1.0000000000
  2  0  0  1  1
        0.04145000     1.0000000000
  2  1  1  1  1
        0.03218000     1.0000000000
#
#BASIS SET
N aug-QZV3P-GTH
  4
  2  0  1  6  4  4
        8.8030997240  -0.0653598725   0.0000000000   0.0000000000   0.0000000000   0.0363703004   0.0000000000   0.0000000000   0.0000000000
        3.6785202400  -0.1318019698   0.0000000000   0.0000000000   0.0000000000   0.1277243136   0.0000000000   0.0000000000   0.0000000000
        1.4352947631   0.1465239013   0.0000000000   0.0000000000   0.0000000000   0.2667499496   0.0000000000   0.0000000000   0.0000000000
        0.5774326402   0.5201300002   1.0000000000   0.0000000000   0.0000000000   0.3658846849   1.0000000000   0.0000000000   0.0000000000
        0.2247320708   0.4360365020   0.0000000000   1.0000000000   0.0000000000   0.3370061673   0.0000000000   1.0000000000   0.0000000000
        0.0818920852   0.0597929754   0.0000000000   0.0000000000   1.0000000000   0.1349212947   0.0000000000   0.0000000000   1.0000000000
  3  2  2  3  3
        2.8370000000   1.0000000000   0.0000000000   0.0000000000
        0.9680000000   0.0000000000   1.0000000000   0.0000000000
        0.3350000000   0.0000000000   0.0000000000   1.0000000000
  2  0  0  1  1
        0.05464000     1.0000000000
  2  1  1  1  1
        0.04402000     1.0000000000
#
#BASIS SET
O aug-QZV3P-GTH
  4
  2  0  1  6  4  4
       11.8298677444  -0.0658681959   0.0000000000   0.0000000000   0.0000000000   0.0389990698   0.0000000000   0.0000000000   0.0000000000
        4.9326307395  -0.1327117781   0.0000000000   0.0000000000   0.0000000000   0.1329824319   0.0000000000   0.0000000000   0.0000000000
        1.9312997298   0.1529660213   0.0000000000   0.0000000000   0.0000000000   0.2737974007   0.0000000000   0.0000000000   0.0000000000
        0.7724003899   0.5206439978   1.0000000000   0.0000000000   0.0000000000   0.3663338041   1.0000000000   0.0000000000   0.0000000000
        0.2976334392   0.4322622254   0.0000000000   1.0000000000   0.0000000000   0.3292638764   0.0000000000   1.0000000000   0.0000000000
        0.1070061063   0.0599977177   0.0000000000   0.0000000000   1.0000000000   0.1324571183   0.0000000000   0.0000000000   1.0000000000
  3  2  2  3  3
        3.7750000000   1.0000000000   0.0000000000   0.0000000000
        1.3000000000   0.0000000000   1.0000000000   0.0000000000
        0.4440000000   0.0000000000   0.0000000000   1.0000000000
  6  0  0  1  1
        0.0695900000   1.0000000000
  6  1  1  1  1
        0.0534800000   1.0000000000
#
#BASIS SET
F aug-QZV3P-GTH
  4
  2  0  1  6  4  4
       15.1623003547  -0.0676084899   0.0000000000   0.0000000000   0.0000000000   0.0407647530   0.0000000000   0.0000000000   0.0000000000
        6.3418425141  -0.1317375108   0.0000000000   0.0000000000   0.0000000000   0.1374408584   0.0000000000   0.0000000000   0.0000000000
        2.4900230297   0.1587177173   0.0000000000   0.0000000000   0.0000000000   0.2789708771   0.0000000000   0.0000000000   0.0000000000
        0.9919240308   0.5210056191   1.0000000000   0.0000000000   0.0000000000   0.3662011969   1.0000000000   0.0000000000   0.0000000000
        0.3793151196   0.4286790556   0.0000000000   1.0000000000   0.0000000000   0.3234540792   0.0000000000   1.0000000000   0.0000000000
        0.1348132586   0.0598520782   0.0000000000   0.0000000000   1.0000000000   0.1307942509   0.0000000000   0.0000000000   1.0000000000
  3  2  2  3  3
        5.0140000000   1.0000000000   0.0000000000   0.0000000000
        1.7250000000   0.0000000000   1.0000000000   0.0000000000
        0.5860000000   0.0000000000   0.0000000000   1.0000000000
  2  0  0  1  1
        0.08594000     1.0000000000
  2  1  1  1  1
        0.06568000     1.0000000000
#
#BASIS SET
Si aug-QZV3P-GTH
  4
  3  0  1  6  4  4
        3.0914606934   0.0124908161   0.0000000000   0.0000000000   0.0000000000  -0.0027532026   0.0000000000   0.0000000000   0.0000000000
        1.3362310368  -0.2927569134   0.0000000000   0.0000000000   0.0000000000  -0.0422856821   0.0000000000   0.0000000000   0.0000000000
        0.5649726509   0.0456455175   0.0000000000   0.0000000000   0.0000000000   0.1468609670   0.0000000000   0.0000000000   0.0000000000
        0.2466543506   0.6102734005   1.0000000000   0.0000000000   0.0000000000   0.3930678123   1.0000000000   0.0000000000   0.0000000000
        0.1028862952   0.4799377663   0.0000000000   1.0000000000   0.0000000000   0.4491746304   0.0000000000   1.0000000000   0.0000000000
        0.0403147900   0.0462217432   0.0000000000   0.0000000000   1.0000000000   0.1794865096   0.0000000000   0.0000000000   1.0000000000
  3  2  2  3  3
        0.7600000000   1.0000000000   0.0000000000   0.0000000000
        0.3020000000   0.0000000000   1.0000000000   0.0000000000
        0.1200000000   0.0000000000   0.0000000000   1.0000000000
  3  0  0  1  1
        0.02750000     1.0000000000
  3  1  1  1  1
        0.02000000     1.0000000000
#
#BASIS SET
P aug-QZV3P-GTH
  4
  3  0  1  6  4  4
        3.7552135262   0.0219221916   0.0000000000   0.0000000000   0.0000000000  -0.0089770006   0.0000000000   0.0000000000   0.0000000000
        1.7140316717  -0.3135634867   0.0000000000   0.0000000000   0.0000000000  -0.0448447247   0.0000000000   0.0000000000   0.0000000000
        0.7438335270   0.0341312768   0.0000000000   0.0000000000   0.0000000000   0.1612574940   0.0000000000   0.0000000000   0.0000000000
        0.3280082762   0.6173246158   1.0000000000   0.0000000000   0.0000000000   0.4083320223   1.0000000000   0.0000000000   0.0000000000
        0.1366188473   0.4868790477   0.0000000000   1.0000000000   0.0000000000   0.4366765007   0.0000000000   1.0000000000   0.0000000000
        0.0534696687   0.0500106401   0.0000000000   0.0000000000   1.0000000000   0.1655268470   0.0000000000   0.0000000000   1.0000000000
  3  2  2  3  3
        1.0360000000   1.0000000000   0.0000000000   0.0000000000
        0.4130000000   0.0000000000   1.0000000000   0.0000000000
        0.1650000000   0.0000000000   0.0000000000   1.0000000000
  3  0  0  1  1
        0.03540000     1.0000000000
  3  1  1  1  1
        0.02720000     1.0000000000
#
#BASIS SET
S aug-QZV3P-GTH
  4
  3  0  1  6  4  4
        4.2573596528   0.0340198790   0.0000000000   0.0000000000   0.0000000000  -0.0139384068   0.0000000000   0.0000000000   0.0000000000
        2.1309107097  -0.3349229077   0.0000000000   0.0000000000   0.0000000000  -0.0449848970   0.0000000000   0.0000000000   0.0000000000
        0.9293415064   0.0316794871   0.0000000000   0.0000000000   0.0000000000   0.1762303153   0.0000000000   0.0000000000   0.0000000000
        0.4136351121   0.6234596988   1.0000000000   0.0000000000   0.0000000000   0.4188613693   1.0000000000   0.0000000000   0.0000000000
        0.1723749938   0.4869763921   0.0000000000   1.0000000000   0.0000000000   0.4242144008   0.0000000000   1.0000000000   0.0000000000
        0.0673747361   0.0524674807   0.0000000000   0.0000000000   1.0000000000   0.1544985250   0.0000000000   0.0000000000   1.0000000000
  3  2  2  3  3
        1.2500000000   1.0000000000   0.0000000000   0.0000000000
        0.5040000000   0.0000000000   1.0000000000   0.0000000000
        0.2030000000   0.0000000000   0.0000000000   1.0000000000
  3  0  0  1  1
        0.04280000     1.0000000000
  3  1  1  1  1
        0.03170000     1.0000000000
#
#BASIS SET
Cl aug-QZV3P-GTH
  4
  3  0  1  6  4  4
        4.7390692540   0.0460145547   0.0000000000   0.0000000000   0.0000000000  -0.0184287984   0.0000000000   0.0000000000   0.0000000000
        2.5664506160  -0.3573237652   0.0000000000   0.0000000000   0.0000000000  -0.0428888823   0.0000000000   0.0000000000   0.0000000000
        1.1168239570   0.0404814650   0.0000000000   0.0000000000   0.0000000000   0.1933392026   0.0000000000   0.0000000000   0.0000000000
        0.5007318360   0.6290842339   1.0000000000   0.0000000000   0.0000000000   0.4262968544   1.0000000000   0.0000000000   0.0000000000
        0.2092217935   0.4804996350   0.0000000000   1.0000000000   0.0000000000   0.4107393400   0.0000000000   1.0000000000   0.0000000000
        0.0818080455   0.0532567628   0.0000000000   0.0000000000   1.0000000000   0.1444014999   0.0000000000   0.0000000000   1.0000000000
  3  2  2  3  3
        1.5510000000   1.0000000000   0.0000000000   0.0000000000
        0.6280000000   0.0000000000   1.0000000000   0.0000000000
        0.2540000000   0.0000000000   0.0000000000   1.0000000000
  3  0  0  1  1
        0.05190000     1.0000000000
  3  1  1  1  1
        0.03760000     1.0000000000
#
END
