#BASIS SET
 H  SZV-MOLOPT-SR-GTH SZV-MOLOPT-SR-GTH-q1
 1
 2 0 0 5 1
     10.068468228533 -0.033917444900
      2.680222868089 -0.122202212100
      0.791501539122 -0.443818861200
      0.239116150487 -0.453182186600
      0.082193184441 -0.131612861500
#BASIS SET
 He SZV-MOLOPT-SR-GTH SZV-MOLOPT-SR-GTH-q2
 1
 2 0 0 4 1
     11.042785405048 -0.057709039524
      2.784477928537 -0.186997538114
      0.777508803064 -0.356165765185
      0.222222544418 -0.270871722171
#BASIS SET
 Li SZV-MOLOPT-SR-GTH SZV-MOLOPT-SR-GTH-q3
 1
 2 0 0 5 2
      7.133127574876  0.277443782336  0.081564852833
      1.999997046722  0.418209986449  0.163120764751
      0.612030939985  0.305912589369  0.178229873051
      0.084366737836  0.210640845338 -0.467205177084
      0.032613166298  0.112523830865 -0.297593804585
#BASIS SET
 Be SZV-MOLOPT-SR-GTH SZV-MOLOPT-SR-GTH-q4
 1
 2 0 0 6 2
     14.927410410930 -0.101692281035  0.108892279587
      6.934611958494 -0.211895541408  0.237670602277
      2.222208384565 -0.279935231472  0.429698556888
      0.732913986617 -0.091068265926  0.213557818158
      0.225007132266 -0.115295308010 -0.652182396204
      0.074144067364 -0.173251908170 -0.905622978118
#BASIS SET
 B  SZV-MOLOPT-SR-GTH SZV-MOLOPT-SR-GTH-q3
 1
 2 0 1 4 1 1
      3.053444073497  0.142389531583 -0.124774394633
      0.915483968316  0.070304308347 -0.383517801425
      0.329920053516 -0.657626233726 -0.645201457411
      0.101655384143 -0.417625483973 -0.369557407831
#BASIS SET
 C  SZV-MOLOPT-SR-GTH SZV-MOLOPT-SR-GTH-q4
 1
 2 0 1 5 1 1
      5.605330751705  0.111532881900 -0.064868978500
      2.113016390533  0.153142194100 -0.200470255700
      0.769911454810 -0.321396879400 -0.413141730100
      0.348157086385 -0.610926421600 -0.415337139200
      0.128212254710 -0.133990862800 -0.288527673600
#BASIS SET
 N  SZV-MOLOPT-SR-GTH SZV-MOLOPT-SR-GTH-q5
 1
 2 0 1 5 1 1
      7.341988051825  0.113789156500 -0.053744330400
      2.542637110957  0.097294516500 -0.165752516200
      0.888574967229 -0.445077422600 -0.317365165600
      0.333802200435 -0.584142233900 -0.312039675200
      0.112012109029 -0.139562383500 -0.117936008100
#BASIS SET
 O  SZV-MOLOPT-SR-GTH SZV-MOLOPT-SR-GTH-q6
 1
 2 0 1 5 1 1
     10.389228018317  0.126240722900 -0.061302037200
      3.849621072005  0.139933704300 -0.190087511700
      1.388401188741 -0.434348231700 -0.377726982800
      0.496955043655 -0.852791790900 -0.454266086000
      0.162491615040 -0.242351537800 -0.257388983000
#BASIS SET
 F  SZV-MOLOPT-SR-GTH SZV-MOLOPT-SR-GTH-q7
 1
 2 0 1 5 1 1
     13.701520668842  0.112227293400 -0.076186490700
      5.098268930397  0.138913509400 -0.239982004100
      1.837941323644 -0.418624975600 -0.481912435400
      0.631758758967 -0.781149500600 -0.576092640600
      0.202026732748 -0.233361053400 -0.325681090200
#BASIS SET
 Ne SZV-MOLOPT-SR-GTH SZV-MOLOPT-SR-GTH-q8
 1
 2 0 1 6 1 1
     19.144669251814  0.069475808579  0.044323480089
      7.817581633327  0.136833604284  0.141748545980
      3.076395099204 -0.176240522396  0.286599690536
      1.225783227767 -0.534790596391  0.369762267197
      0.469438475964 -0.420816475643  0.313976275678
      0.165401378033 -0.056199770547  0.129616681048
#BASIS SET
 Na SZV-MOLOPT-SR-GTH SZV-MOLOPT-SR-GTH-q9
 1
 2 0 1 7 2 1
     23.518800761960  0.037798268053  0.005040470618 -0.041235150854
     11.135656103275  0.180415272016  0.031210048356 -0.102704065658
      4.647813820246 -0.084235489885 -0.021214584887 -0.276507156374
      1.866708259982 -0.502007239468 -0.088006426680 -0.405087985600
      0.734683697196 -0.487454712994 -0.241562643580 -0.345669762598
      0.275672995860 -0.088909855778  0.046069503612 -0.128294724774
      0.049895108245 -0.000245624853  1.008694292400 -0.002074313963
#BASIS SET
 Mg SZV-MOLOPT-SR-GTH SZV-MOLOPT-SR-GTH-q10
 1
 2 0 1 7 2 1
     30.653047963189  0.054377184080 -0.008503364657  0.041949376018
     12.924389070531  0.180093043263 -0.033268853396  0.154513485142
      4.968377097667 -0.183378978769  0.039287763681  0.347080006586
      1.851827556019 -0.641604001295  0.169148911336  0.456042413582
      0.673565331978 -0.382610049904  0.233823708921  0.275294822235
      0.168626419621 -0.012877428759 -0.474103906013  0.029266033687
      0.059428253135 -0.011565253116 -0.681875195374 -0.006397458869
#BASIS SET
 Al SZV-MOLOPT-SR-GTH SZV-MOLOPT-SR-GTH-q3
 1
 2 0 1 4 1 1
      1.212902319099  0.095248915182  0.017523273525
      0.454181446881  0.238368062117  0.031530615904
      0.242418503788 -0.551005849330 -0.395233201731
      0.078268495175 -0.241350820340 -0.270737591969
#BASIS SET
 Si SZV-MOLOPT-SR-GTH SZV-MOLOPT-SR-GTH-q4
 1
 2 0 1 4 1 1
      1.256767641387  0.227718466600  0.067776267500
      0.506394122478 -0.024323599300 -0.213716770200
      0.238883845662 -0.558639778900 -0.409893726600
      0.087336883836 -0.207272502200 -0.353922302700
#BASIS SET
 P  SZV-MOLOPT-SR-GTH SZV-MOLOPT-SR-GTH-q5
 1
 2 0 1 4 1 1
      1.631862170786  0.335074115300  0.123299547600
      0.708432685319 -0.023088252600 -0.351511376700
      0.284968483654 -0.973819129700 -0.806870557100
      0.098011823689 -0.292906884000 -0.517933891800
#BASIS SET
 S  SZV-MOLOPT-SR-GTH SZV-MOLOPT-SR-GTH-q6
 1
 2 0 1 4 1 1
      2.215854692813  0.170962878400  0.092191824200
      1.131470525271  0.127069405600 -0.162197093800
      0.410168143974 -0.733925381700 -0.605594737600
      0.140587330023 -0.176971633900 -0.213309789800
#BASIS SET
 Cl SZV-MOLOPT-SR-GTH SZV-MOLOPT-SR-GTH-q7
 1
 2 0 1 4 1 1
      2.379078117601  0.349064979100  0.116462270400
      1.470718465013  0.023265903500 -0.193945393700
      0.461213474057 -1.015492630400 -0.463529682400
      0.150014717415 -0.402599991500 -0.299834714700
#BASIS SET
 Ar SZV-MOLOPT-SR-GTH SZV-MOLOPT-SR-GTH-q8
 1
 2 0 1 5 1 1
      3.936450214256 -0.126876868653  0.081197313256
      2.888050686108  0.488558851459 -0.050560847288
      0.925305548464 -0.356808308806 -0.382285987629
      0.366456608488 -0.745538702598 -0.507927770980
      0.128035915977 -0.148475482748 -0.248562045384
#BASIS SET
 K  SZV-MOLOPT-SR-GTH SZV-MOLOPT-SR-GTH-q9
 1
 2 0 1 6 2 1
      2.891270375454 -0.125588343071  0.141760377816  0.586273841257
      2.714957993897 -0.332679523247  0.045797253838 -0.600247660122
      0.954062644964  0.579235654863 -0.270917640330 -0.331386642719
      0.407596260029  0.640286613853 -0.523435976542 -0.345162964052
      0.163339876080  0.132146903359 -0.040955544362 -0.129654083334
      0.036854064168  0.136961207358  1.420210199250 -0.002662514210
#BASIS SET
 Ca SZV-MOLOPT-SR-GTH SZV-MOLOPT-SR-GTH-q10
 1
 2 0 1 6 2 1
      5.284985596557 -0.416182629697 -0.083912217567  0.064960038145
      4.091752229122  0.887610504052  0.216895453968  0.014546526081
      1.429520321762 -0.323549926958 -0.096935550443 -0.466720491908
      0.614375507986 -0.908395199325 -0.502206578258 -0.634030899528
      0.242970577562 -0.208971576432 -0.096821746914 -0.251681593814
      0.055000158016  0.039132482825  1.342563762693 -0.000003936848
#BASIS SET
 Sc SZV-MOLOPT-SR-GTH SZV-MOLOPT-SR-GTH-q11
 1
 2 0 2 6 2 1 1
      7.596358558474 -0.005607824648 -0.000597439424 -0.092377568763  0.045120250343
      3.531908044322  0.513266691301  0.153537412458  0.071267862889  0.192728189010
      1.358432991102 -0.619613224500 -0.224168885145  0.468025381136  0.336183526558
      0.543348479632 -0.729328581203 -0.458469756794  0.444181247677  0.405780027669
      0.197283658533 -0.063678221084  0.072089942129  0.091871138246  0.446780401537
      0.054428805670 -0.076152416285  1.048240218482 -0.004061267711  0.155178106722
#BASIS SET
 Ti SZV-MOLOPT-SR-GTH SZV-MOLOPT-SR-GTH-q12
 1
 2 0 2 6 2 1 1
      7.884569925997  0.004750577412 -0.002690702837 -0.108736525246  0.052842407451
      3.894698463070  0.499503858222  0.103956524568  0.100912855636  0.195986532018
      1.513588828959 -0.664995883766 -0.256641947580  0.527328996047  0.330343722079
      0.596768079836 -0.726044574739 -0.451591547817  0.468197803110  0.396808432313
      0.222222125842 -0.029011079755  0.165167622946  0.077640626075  0.347092399871
      0.077078461321  0.075171747143  0.993127316430 -0.007523238420  0.132320900948
#BASIS SET
 V  SZV-MOLOPT-SR-GTH SZV-MOLOPT-SR-GTH-q13
 1
 2 0 2 6 2 1 1
      7.984623749528  0.020761670278  0.003472483927 -0.127318262252  0.054932269310
      4.192169946044  0.491008828907  0.116393516673  0.142383719999  0.194803913356
      1.674403287155 -0.682491382781 -0.215217539970  0.556224679524  0.318207922138
      0.666664577236 -0.670820374730 -0.436714762412  0.483736882428  0.350513304180
      0.242419878750 -0.048891386418  0.104274844115  0.086227000831  0.324484835051
      0.067390273084 -0.000084103227  1.134107947863 -0.004719320688  0.134088585517
#BASIS SET
 Cr SZV-MOLOPT-SR-GTH SZV-MOLOPT-SR-GTH-q14
 1
 2 0 2 6 2 1 1
      8.512514788173  0.044157704927  0.005521331885 -0.106538347032  0.081830853262
      4.473610317347  0.611382080738  0.102717317434  0.123956998990  0.165469927086
      1.935100804674 -0.806653824181 -0.230184308969  0.572145261792  0.291295712802
      0.787755660544 -0.813737787488 -0.583672998554  0.518904350249  0.315064211859
      0.293768118617 -0.097787236037  0.171514456916  0.104097287875  0.298491580418
      0.096285158065 -0.018725934011  1.121145454028 -0.012851161685  0.091086538491
#BASIS SET
 Mn SZV-MOLOPT-SR-GTH SZV-MOLOPT-SR-GTH-q15
 1
 2 0 2 6 2 1 1
      8.544553301652  0.073093470228  0.007737617141 -0.112356559070  0.128427483264
      4.848054813373  0.524172731625  0.080999035925  0.147232813006  0.251552231081
      2.164526529348 -0.728865076153 -0.168390545215  0.595364746984  0.432303419394
      0.889600577579 -0.719279115513 -0.484910732725  0.547990570294  0.462243734648
      0.342420014284 -0.107062868546  0.161978409160  0.112195052476  0.410033587493
      0.101924225526 -0.091391408123  0.922002216513 -0.006599984929  0.104488744702
#BASIS SET
 Fe SZV-MOLOPT-SR-GTH SZV-MOLOPT-SR-GTH-q16
 1
 2 0 2 6 2 1 1
      8.424366035773 -0.162658565315 -0.035363017559 -0.072847050506  0.110173914394
      4.825219529323 -0.376899337900 -0.052967122649  0.142729813399  0.188638090829
      2.198939257455  0.782922261822  0.047770046081  0.463643359935  0.309261422382
      0.891660670520  0.668791717694 -0.303745487596  0.381142099471  0.329416033612
      0.316230539846  0.044155272467  0.241839701006  0.065337400672  0.286237082129
      0.103474049912 -0.109124318184  1.110613962319 -0.008571808472  0.085017978924
#BASIS SET
 Co SZV-MOLOPT-SR-GTH SZV-MOLOPT-SR-GTH-q17
 1
 2 0 2 6 2 1 1
      8.365267848849  0.325640340818  0.100399284242  0.065178086481  0.161970551713
      4.376457504499  0.052133097592  0.035256534659 -0.270123287267  0.258523958001
      1.999997730424 -0.771768661844 -0.356022277776 -0.523181103805  0.345535423988
      0.834299833692 -0.451524705474 -0.484191598528 -0.351988387737  0.343948305407
      0.307481719486 -0.065898239599  0.316152225672 -0.046316455477  0.268593856293
      0.095840175724 -0.089785302253  1.048143547929  0.002689603563  0.072458934329
#BASIS SET
 Ni SZV-MOLOPT-SR-GTH SZV-MOLOPT-SR-GTH-q18
 1
 2 0 2 6 2 1 1
     10.077427756816 -0.169086929207  0.022677528942 -0.126427871284  0.093966508982
      5.847735848326 -0.313749841130  0.057292097754  0.241165311699  0.269388431386
      2.494032826008  0.766489587737 -0.198532965699  0.543849904725  0.374569463127
      0.988354848429  0.557414017577 -0.427662657827  0.407338672608  0.368089865298
      0.344978242158  0.031729942841  0.260121348436  0.053320914508  0.281719022542
      0.099465768726 -0.025637387109  0.887675876654 -0.003779723220  0.071642894272
#BASIS SET
 Cu SZV-MOLOPT-SR-GTH SZV-MOLOPT-SR-GTH-q11
 1
 2 0 2 6 1 1 1
      5.804051150731  0.020918100390 -0.004381592772  0.275442696345
      2.947777593081 -0.106208582202  0.017185613995  0.351705110927
      1.271621207972  0.307397740339 -0.089805629814  0.331635969640
      0.517173767860  0.240805274553  0.054415126660  0.259386540456
      0.198006620331 -0.798718095004  0.446326740476  0.151105835782
      0.061684232135 -0.738671023869  0.468516012555  0.030634833418
#BASIS SET
 Zn SZV-MOLOPT-SR-GTH SZV-MOLOPT-SR-GTH-q12
 1
 2 0 2 6 1 1 1
      6.400812724595  0.021801105639  0.002944311709  0.285687212506
      3.167793332690 -0.095613408620 -0.010450068121  0.358913949434
      1.341703542578  0.274599856591  0.109519543853  0.326076466590
      0.545418416941  0.137056274402 -0.060402922899  0.224403593782
      0.222221794449 -0.625184197271 -0.531920972347  0.097325359555
      0.079830045424 -0.482184818124 -0.498668813865  0.009048926598
#BASIS SET
 Ga SZV-MOLOPT-SR-GTH SZV-MOLOPT-SR-GTH-q13
 1
 2 0 2 6 1 1 1
      7.066653970373  0.004038828810  0.000167446202 -0.311164169605
      3.428369180000 -0.049926015210  0.003362568505 -0.386388805667
      1.430064114378  0.270487560795  0.130532105798 -0.341437057173
      0.571610928613  0.114461485481 -0.096032824634 -0.204608212390
      0.232196966975 -0.765662388169 -0.807329497232 -0.056129936831
      0.076561670688 -0.411890094700 -0.419386452377 -0.001205250841
#BASIS SET
 Ge SZV-MOLOPT-SR-GTH SZV-MOLOPT-SR-GTH-q4
 1
 2 0 1 4 1 1
      3.751626352194 -0.081330564365  0.009035073443
      1.419172362656  0.601635148115  0.102040890998
      0.322428319082 -0.974594550901 -0.762506665117
      0.110739925211 -0.656437584837 -0.400605035566
#BASIS SET
 As SZV-MOLOPT-SR-GTH SZV-MOLOPT-SR-GTH-q5
 1
 2 0 1 4 1 1
      1.098624139209  0.855667038605  0.312802805211
      0.889293303816 -0.687764546866 -0.362619654191
      0.234710973732 -0.705420359459 -0.425177185346
      0.097981856094 -0.209729326520 -0.182957845017
#BASIS SET
 Se SZV-MOLOPT-SR-GTH SZV-MOLOPT-SR-GTH-q6
 1
 2 0 1 4 1 1
      1.465689267622  0.522315327760  0.302629346132
      1.029752381010 -0.177617010578 -0.349360567622
      0.303575471349 -1.057800048233 -0.653355185785
      0.107173147417 -0.299101385035 -0.381186874482
#BASIS SET
 Br SZV-MOLOPT-SR-GTH SZV-MOLOPT-SR-GTH-q7
 1
 2 0 1 4 1 1
      1.737392738120  0.698849040883  0.408222406946
      0.995743043074 -0.178219675950 -0.559269850657
      0.337588776628 -1.701043348622 -1.220407791913
      0.115887043391 -0.358131187327 -0.708522727592
#BASIS SET
 Kr SZV-MOLOPT-SR-GTH SZV-MOLOPT-SR-GTH-q8
 1
 2 0 1 4 1 1
      1.784435668906  0.810837662050  0.348552421052
      1.005532891273 -0.533585820331 -0.573408630951
      0.327795673641 -1.439836500217 -0.909538466141
      0.108549688447 -0.206171398876 -0.408970770978
#BASIS SET
 Rb SZV-MOLOPT-SR-GTH SZV-MOLOPT-SR-GTH-q9
 1
 2 0 1 7 2 1
      7.107230694150 -0.062218041672 -0.013507092266  0.035700265054
      2.414406259100  0.488731908603  0.125115402960 -0.161483665734
      1.134628425827 -0.101894960518 -0.042229797524  0.211536304024
      0.483816136667 -0.827806256641 -0.296364033354  0.499666987934
      0.198690371820 -0.304219423335 -0.278176269515  0.306717399916
      0.078496630593  0.002468186208  0.316847793087  0.039955632038
      0.029773227781  0.025109167182  0.829792452385 -0.000551065720
#BASIS SET
 Sr SZV-MOLOPT-SR-GTH SZV-MOLOPT-SR-GTH-q10
 1
 2 0 1 6 2 1
      7.290111894735  0.069364270475 -0.016182746349  0.035659445929
      2.536776771327 -0.571246927373  0.158928639982 -0.195822349727
      1.283099546928  0.167836311459 -0.041157757852  0.260320252229
      0.532449841650  0.904733330629 -0.431882417196  0.555386362294
      0.211628059408  0.250907816117 -0.073959284415  0.267635587013
      0.050841303698  0.007135721199  0.825600560103  0.001214128781
#BASIS SET
 Y  SZV-MOLOPT-SR-GTH SZV-MOLOPT-SR-GTH-q11
 1
 2 0 2 7 2 1 1
      7.169829557085  0.064756738089 -0.022627762846 -0.024276685117 -0.000498514326
      2.700922470615 -0.597719860262  0.235885458901  0.187917721906 -0.031403568872
      1.376251109084  0.082122642041 -0.087291364288 -0.245232860710  0.127573561162
      0.656916983532  0.966304799106 -0.405979470239 -0.598857920831  0.336722884287
      0.281951576337  0.370251411162 -0.369782037034 -0.347360898522  0.474465039649
      0.114567346626  0.047095993893  0.381463146281 -0.027444250529  0.383269025496
      0.041587097849  0.121766951290  0.813527659184 -0.000772518245  0.124574151507
#BASIS SET
 Zr SZV-MOLOPT-SR-GTH SZV-MOLOPT-SR-GTH-q12
 1
 2 0 2 7 2 1 1
      7.568385790028 -0.094978310907 -0.033616559232 -0.020865512366 -0.001689422502
      2.940870125103  0.694261607918  0.288000788551  0.222352813741 -0.011935551626
      1.478549725921 -0.214258448962 -0.141902662715 -0.319406707712  0.152103521468
      0.699652747292 -0.923670545104 -0.452166355085 -0.588541345286  0.296191130217
      0.314575404780 -0.327047026378 -0.381211768681 -0.309198403218  0.399124869129
      0.129868596693  0.003239038466  0.526743157382 -0.019801636662  0.242072326904
      0.046850569449 -0.007129719335  0.810803550660 -0.000524643311  0.048657150043
#BASIS SET
 Nb SZV-MOLOPT-SR-GTH SZV-MOLOPT-SR-GTH-q13
 1
 2 0 2 7 2 1 1
      3.445688332127  6.967608357644 -3.377478792599 -0.840846380047  0.388363778921
      3.361754070289 -7.592191163341  3.690016909917  0.956420493475 -0.389233499416
      1.402769349742  0.489341601567 -0.310828636726 -0.276255708969 -0.232772054682
      0.638107530614  0.749244219846 -0.462987145063 -0.340280885378 -0.367470032847
      0.297916452528  0.168228854756 -0.275959272761 -0.120882245268 -0.373135144785
      0.134531184887 -0.010188517089  0.576706104059 -0.004779969154 -0.185455779821
      0.051687918628  0.006294814846  0.631490283017 -0.000211964161 -0.039160568093
#BASIS SET
 Mo SZV-MOLOPT-SR-GTH SZV-MOLOPT-SR-GTH-q14
 1
 2 0 2 7 2 1 1
      2.540273246178 -0.578530819221  0.207479779241  0.307100812758 -0.149151531382
      1.999996221023  0.255133124027 -0.231957971109 -0.375633370985  0.289650418561
      0.894040376874  0.676100594670  0.285544120446 -0.244205356948  0.207391250228
      0.439256605865  0.131763425580  0.062954195096 -0.177325998176  0.312615422763
      0.189497802537  0.085911973535 -0.210930323620 -0.016882413378  0.200727667932
      0.083802212693 -0.062285567387 -0.868201464922 -0.000916114554  0.047819428716
      0.052948764137  0.016176877393 -0.574266536022  0.000883614589  0.013662121505
#BASIS SET
 Tc SZV-MOLOPT-SR-GTH SZV-MOLOPT-SR-GTH-q15
 1
 2 0 2 7 2 1 1
      3.164224765901 -4.936025404648  2.690105911399  1.875473204955 -0.315743748171
      3.111533459421  5.402033503677 -2.906113798449 -1.589412009269  0.248590535878
      1.923601224823 -0.382432085374  0.205154484199 -0.484599011050  0.277986264842
      0.887428259225 -0.325518324167  0.411180892172 -0.878565217193  0.337694430891
      0.387592572799 -0.122553923184  0.110130628461 -0.345096002980  0.419921218350
      0.151375638104  0.091448243559 -0.679068092339 -0.016891045364  0.202434518908
      0.052897942898  0.094934643036 -0.799513230137  0.002744375423  0.022350450321
#BASIS SET
 Ru SZV-MOLOPT-SR-GTH SZV-MOLOPT-SR-GTH-q16
 1
 2 0 2 7 2 1 1
      2.787485846721  0.419245156353  0.847305490262 -2.358144554736  0.788526811934
      2.671513807197  0.402523023175 -1.207617992281  2.345239865410 -0.863711338604
      1.595751289168 -0.808149719838  0.513111660606  0.317793572742 -0.053253108229
      0.821527061530 -0.477224887406  0.129164670091  0.512263090829 -0.202587225418
      0.376346360068 -0.163265585552  0.268674181220  0.188482905753 -0.146122499622
      0.192696937194 -0.088262869679 -0.408874960105  0.000829620006 -0.095330219372
      0.068097557464 -0.260996120571 -0.797339816834  0.001387096163 -0.024995451964
#BASIS SET
 Rh SZV-MOLOPT-SR-GTH SZV-MOLOPT-SR-GTH-q17
 1
 2 0 2 6 2 1 1
      3.157817444361  0.760084070950  0.239207051701 -0.336193318541 -0.176446839307
      2.683291075925 -0.255650224037 -0.091067207483  0.373953992584  0.261743358411
      1.140786095845 -1.025626679377 -0.520689753906  0.300684698668  0.174717739794
      0.492081007160 -0.234415477939 -0.274976137245  0.141457244144  0.188746290944
      0.192543904978  0.046321838032  0.534686741279  0.007751787318  0.112894420897
      0.066486620394  0.135748106274  0.896548625743  0.000117823467  0.021703317232
#BASIS SET
 Pd SZV-MOLOPT-SR-GTH SZV-MOLOPT-SR-GTH-q18
 1
 2 0 2 6 1 1 1
      3.408675573589 -0.132466784026 -0.567545309589 -0.237012042169
      3.102531722049 -0.437179496952  0.553597861423  0.281832849168
      1.644492988513  0.691818466230  0.309106812808  0.110086701020
      0.791839035568  0.350166504373  0.314239136372  0.167791703969
      0.316235520337  0.074477347669  0.070008169012  0.139346360820
      0.109243742847 -0.009869037755 -0.003111197582  0.062460911300
#BASIS SET
 Ag SZV-MOLOPT-SR-GTH SZV-MOLOPT-SR-GTH-q11
 1
 2 0 2 5 1 1 1
      2.586709178255  0.043754600978  0.022644943791 -0.228119986020
      1.295159890890 -0.065091062805 -0.041727270135 -0.411112871153
      0.553039826122 -0.405167335465 -0.158228872130 -0.391768462286
      0.211183058137  0.497578418798  0.484453657192 -0.227577654035
      0.062847168062  0.619659047740  0.747373652696 -0.034845530428
#BASIS SET
 Cd SZV-MOLOPT-SR-GTH SZV-MOLOPT-SR-GTH-q12
 1
 2 0 2 5 1 1 1
      2.617301292227  0.056942862843  0.032277317911 -0.270406154064
      1.315617684053 -0.111910427538 -0.096634842893 -0.407839310946
      0.573375899853 -0.420173785813 -0.083107933622 -0.363233448773
      0.222222213763  0.564376116618  0.419549254990 -0.168907403589
      0.076307136525  0.789967059806  0.795089873672 -0.013172843723
#BASIS SET
 In SZV-MOLOPT-SR-GTH SZV-MOLOPT-SR-GTH-q13
 1
 2 0 2 6 1 1 1
      3.101675464995 -0.014756989563 -0.002337235001  0.245121261683
      1.829866249849 -0.064345448008  0.031433449222  0.432609058860
      0.898324196118  0.435246205245 -0.178879364380  0.486649088749
      0.389454004688 -0.080147974732  0.140416923228  0.288251501897
      0.162701041351 -0.728191656411  0.548122424076  0.057468890352
      0.059412871673 -0.313235936982  0.384462238049 -0.000258770565
#BASIS SET
 Sn SZV-MOLOPT-SR-GTH SZV-MOLOPT-SR-GTH-q4
 1
 2 0 1 5 1 1
      0.666669575074  0.689214482698  0.249601611539
      0.486831392324 -0.512955759145 -0.282734426066
      0.172775679838 -0.598032924010 -0.235164953470
      0.065536149861 -0.215612744096 -0.261775353331
      0.063643963946  0.056968014830  0.117722874377
#BASIS SET
 Sb SZV-MOLOPT-SR-GTH SZV-MOLOPT-SR-GTH-q5
 1
 2 0 1 5 1 1
      0.757214368696  0.691593689520  0.756051462053
      0.576116222147 -0.351217469046 -0.792348307348
      0.244349272369 -0.615740163850 -0.378296806004
      0.160329448814 -0.264402217378 -0.611128127466
      0.073465983327 -0.171357973436 -0.255229944153
#BASIS SET
 Te SZV-MOLOPT-SR-GTH SZV-MOLOPT-SR-GTH-q6
 1
 2 0 1 5 1 1
      0.871170553457 -0.768209530501 -0.201075823729
      0.666552751461  0.368144626623  0.204460083751
      0.260565380434  0.833378133558  0.154271149685
      0.171876990300  0.191335229653  0.113448742480
      0.082233548720  0.215694921905  0.106354644586
#BASIS SET
 I  SZV-MOLOPT-SR-GTH  SZV-MOLOPT-SR-GTH-q7
 1
 2 0 1 5 1 1
      0.966172693776 -0.472463189351 -0.431253473002
      0.828885570527 -0.046174838614  0.405448133098
      0.367159310806  0.674866028669  0.154408288042
      0.201369106832  0.441846190432  0.307131088797
      0.083015071126  0.147700751496  0.151452356751
#BASIS SET
 Xe SZV-MOLOPT-SR-GTH SZV-MOLOPT-SR-GTH-q8
 1
 2 0 1 5 1 1
      1.060135338393  0.595086879307 -0.455562867881
      0.666666004946 -0.333303102706  0.584858919323
      0.277808854324 -0.853453515069  0.556607088551
      0.171463992710  0.008584975685  0.284690856924
      0.096899106515 -0.148160183031  0.213921134179
#BASIS SET
 Cs SZV-MOLOPT-SR-GTH SZV-MOLOPT-SR-GTH-q9
 1
 2 0 1 6 2 1
      1.000865707027  0.280322352634  0.098179355219 -0.360207388692
      0.913482115012  0.358344637273 -0.098255007626 -0.016242892143
      0.666653730505 -0.489376812003  0.118067108510  0.500190150119
      0.332485858625 -0.512310150761 -0.480608369395  0.336498234976
      0.149836705312 -0.141743262814  0.078136295233  0.344475837226
      0.026691284164  0.280660075501  1.173263741421  0.011885241412
#BASIS SET
 Ba SZV-MOLOPT-SR-GTH SZV-MOLOPT-SR-GTH-q10
 1
 2 0 1 6 2 1
      1.099107387393 -0.265977603953  0.133167313532 -0.076120521522
      1.042415611430 -0.548867124949  0.303553076384  0.581707053986
      0.923815583300  0.534778251294 -0.187596947384 -0.513377720928
      0.409515187180  0.587584269233 -0.829784858376 -0.199996660495
      0.166000524554  0.112796348364  0.080177822791 -0.129413972483
      0.038868137908 -0.097599163432  1.388751874990  0.001685949311
#BASIS SET
 Hf SZV-MOLOPT-SR-GTH SZV-MOLOPT-SR-GTH-q12
 1
 2 0 2 6 2 1 1
      2.671196497548  0.788939427855  0.166407997203 -0.301974408389 -0.047796823905
      2.597200237263 -0.135944993309  0.121000538909  0.293385766135  0.040716807355
      1.091215248046 -0.911502384031 -0.450097538431  0.044171452367  0.281226003531
      0.482780902120 -0.403765732131 -0.527116158052  0.050912843752  0.563159769901
      0.184203719686 -0.116982787286  0.367518491637  0.006790589259  0.537885417612
      0.060257634881 -0.118019349325  0.917540530320 -0.000081217891  0.138650274135
#BASIS SET
 Ta SZV-MOLOPT-SR-GTH SZV-MOLOPT-SR-GTH-q13
 1
 2 0 2 6 2 1 1
      2.946055777701  0.481243902001 -0.039175358113  0.388448534264 -0.093115240785
      2.777081321651 -0.000792758352  0.308251777475 -0.366342974440  0.111690390706
      1.000199049661 -0.863712437729 -0.568363162228 -0.156083711841  0.225370492392
      0.459026245077 -0.356339626223 -0.406417265286 -0.108217872947  0.293416264804
      0.201289293145 -0.023090355735  0.248901497428 -0.015667426694  0.298377389246
      0.065633603795 -0.015350833125  0.839900958846  0.000163546036  0.101787930127
#BASIS SET
 W  SZV-MOLOPT-SR-GTH SZV-MOLOPT-SR-GTH-q14
 1
 2 0 2 6 2 1 1
      3.103253876757  0.441154908462 -0.046848871737  0.516608286752 -0.104347730230
      2.893835485057  0.301691972314  0.288483139662 -0.467840628709  0.135920880880
      1.106150599362 -1.218290751007 -0.497581763775 -0.270577331119  0.396440765199
      0.501100356736 -0.518231686854 -0.399441949193 -0.201524408230  0.551980290722
      0.214446586103 -0.084224251837  0.243845988221 -0.022741809925  0.520355492616
      0.074662878487 -0.194908755488  0.767604001481  0.002782169859  0.166409595366
#BASIS SET
 Re SZV-MOLOPT-SR-GTH SZV-MOLOPT-SR-GTH-q15
 1
 2 0 2 6 2 1 1
      3.240620484285  0.518163100285 -0.250238063014  0.468480577212 -0.072782318249
      2.835126642764  0.195266488444  0.421668475444 -0.390221082301  0.122612230842
      1.164528911859 -1.218515127381 -0.468452769005 -0.460013931050  0.480667297031
      0.530722413547 -0.526678086213 -0.480290161831 -0.325605406180  0.649752314300
      0.234483312957  0.013465891784  0.546638137882 -0.033295571228  0.547928673428
      0.080543361521  0.073473765653  1.175883886226  0.000112993288  0.124811170239
#BASIS SET
 Os SZV-MOLOPT-SR-GTH SZV-MOLOPT-SR-GTH-q16
 1
 2 0 2 6 2 1 1
      3.254044521240  0.750520917538 -0.143104881416  0.300026803534  0.074118403382
      2.913080457815 -0.151830818511  0.445036489078 -0.259358262119 -0.115497320573
      1.267677044450 -0.946576386912 -0.597290651826 -0.221193553941 -0.384061295904
      0.604328817602 -0.387028536076 -0.626533321263 -0.169922484236 -0.478648993701
      0.281958732679 -0.114632827845  0.617675737134 -0.022924623249 -0.460410219053
      0.105080883429 -0.043141212439  0.420830468078  0.003128164174 -0.078890551925
#BASIS SET
 Ir SZV-MOLOPT-SR-GTH SZV-MOLOPT-SR-GTH-q17
 1
 2 0 2 6 2 1 1
      3.382588893137  0.763880845384  0.045942912052  0.377410965587 -0.045848645796
      2.784159868873 -0.292040459450  0.216107018572 -0.332679361082  0.111589415592
      1.210222778222 -0.909572071077 -0.662794901842 -0.436015494968  0.421660006206
      0.538964109721 -0.253085528911 -0.351696141574 -0.249715223969  0.494349511683
      0.221744781815 -0.072390522439  0.495615757119 -0.017455807910  0.370178722395
      0.076331555777 -0.086622720340  0.741983451061 -0.000390256599  0.086694983507
#BASIS SET
 Pt SZV-MOLOPT-SR-GTH SZV-MOLOPT-SR-GTH-q18
 1
 2 0 2 6 2 1 1
      3.630667770866 -0.159789658749 -0.051717884453  0.538256464339 -0.235370873672
      3.114659085953  0.706153230701  0.409305333723 -0.272066595039  0.216340904150
      1.999980602577 -0.571771619750 -0.410633416904 -0.529494089441  0.129334517594
      0.885339761910 -0.081706194543 -0.389005427246 -0.778436218941  0.364806321954
      0.330796251617 -0.114509254013  0.079357268588 -0.160188783181  0.322200075207
      0.105770091411 -0.422769859471  0.768211167014  0.009487463222  0.101113260398
#BASIS SET
 Au SZV-MOLOPT-SR-GTH SZV-MOLOPT-SR-GTH-q11
 1
 2 0 2 5 1 1 1
      2.950008433436  0.043352289298  0.027243676590 -0.013694544955
      1.563056721867 -0.007387713167  0.010297865642  0.393434199831
      0.666663784909 -0.527617143816 -0.144512389068  0.499419616649
      0.251083343925  0.504357857018  0.133984006194  0.342848487787
      0.081714167287  0.754614789542  0.955899672482  0.072643323717
#BASIS SET
 Hg SZV-MOLOPT-SR-GTH SZV-MOLOPT-SR-GTH-q12
 1
 2 0 2 6 1 1 1
      3.031517109734 -0.000773276442 -0.035104188311 -0.051519431610
      1.999949750084 -0.127545432316  0.112459425109  0.245745995267
      0.968505371291  0.467348942725 -0.270433349168  0.344642941759
      0.443215909283  0.041435964338  0.012885629971  0.274191104401
      0.197907885691 -0.613050351354  0.562923305773  0.133463525187
      0.078429867482 -0.478543703910  0.626349238816  0.016313913539
#BASIS SET
 Tl SZV-MOLOPT-SR-GTH SZV-MOLOPT-SR-GTH-q13
 1
 2 0 2 6 1 1 1
      3.381004006201 -0.012728024519 -0.016321000960 -0.053146025142
      1.995904628767 -0.125438487741  0.089582033082  0.335647454889
      0.933877613856  0.654386378507 -0.217643347249  0.449765059425
      0.399454518437 -0.261927153680  0.120847730197  0.311198161018
      0.159704350468 -0.832380709805  0.521905432003  0.079298892465
      0.061648317122 -0.296535560045  0.504618443314  0.000172821470
#BASIS SET
 Pb SZV-MOLOPT-SR-GTH SZV-MOLOPT-SR-GTH-q4
 1
 2 0 1 5 1 1
      1.933597551820 -0.128503343993  0.015280202292
      0.981424884833  0.574812594694 -0.134233849467
      0.222223023415 -0.960047108285  0.502933226160
      0.077758928722 -0.206626081460  0.243024445565
      0.073967768161 -0.082212261416  0.131891977459
#BASIS SET
 Bi SZV-MOLOPT-SR-GTH SZV-MOLOPT-SR-GTH-q5
 1
 2 0 1 5 1 1
      1.666928293168 -0.433606016760 -0.092396269342
      1.317941720436  0.723433454454  0.184381669404
      0.222221383065 -0.715303457579 -0.507231634301
      0.074524438950 -0.308379410009 -0.421377693158
      0.066725427306  0.159245921554  0.106621540317
#BASIS SET
 Po SZV-MOLOPT-SR-GTH SZV-MOLOPT-SR-GTH-q6
 1
 2 0 1 5 1 1
      1.757750856683 -0.224044332601 -0.053062093035
      1.245376491921  0.572355818018  0.195354776138
      0.251860493510 -0.863597717984 -0.839838825812
      0.087993894799 -0.286569207007 -0.307002699297
      0.087955184861  0.098257897619 -0.203109314513
#BASIS SET
 At SZV-MOLOPT-SR-GTH SZV-MOLOPT-SR-GTH-q7
 1
 2 0 1 5 1 1
      1.796641038213 -0.363075778132 -0.119884096868
      1.378396886358  0.702535890722  0.281487205121
      0.332155278101 -0.571059806679 -0.483364756316
      0.150379247357 -0.338513795954 -0.533191703362
      0.059913588731 -0.008356077866 -0.164154832840
#BASIS SET
 Rn SZV-MOLOPT-SR-GTH SZV-MOLOPT-SR-GTH-q8
 1
 2 0 1 5 1 1
      2.000005663002 -0.442608171766 -0.136991011529
      1.522474413760  0.852282073224  0.312749617939
      0.319589540831 -0.907143180970 -0.775828387512
      0.124013091191 -0.222277238353 -0.204098521582
      0.113270499507 -0.001928995329 -0.288853228632
END
