#BASIS SET
H aug-DZVP-GTH
  4
  1  0  0  4  2
        8.3744350009  -0.0283380461   0.0000000000
        1.8058681460  -0.1333810052   0.0000000000
        0.4852528328  -0.3995676063   0.0000000000
        0.1658236932  -0.5531027541   1.0000000000
  2  1  1  1  1
        0.7270000000   1.0000000000
  3  0  0  1  1
        0.0297400000   1.0000000000
  3  1  1  1  1
        0.1410000000   1.0000000000
#
#BASIS SET
C aug-DZVP-GTH
  4
  2  0  1  4  2  2
        4.3362376436   0.1490797872   0.0000000000  -0.0878123619   0.0000000000
        1.2881838513  -0.0292640031   0.0000000000  -0.2775560300   0.0000000000
        0.4037767149  -0.6882040510   0.0000000000  -0.4712295093   0.0000000000
        0.1187877657  -0.3964426906   1.0000000000  -0.4058039291   1.0000000000
  3  2  2  1  1
        0.5500000000   1.0000000000
  2  0  0  1  1
        0.04690000     1.0000000000
  2  1  1  1  1
        0.04041000     1.0000000000
#
#BASIS SET
N aug-DZVP-GTH
  4
  2  0  1  4  2  2
        6.1526903413   0.1506300537   0.0000000000  -0.0950603476   0.0000000000
        1.8236332280  -0.0360100734   0.0000000000  -0.2918864295   0.0000000000
        0.5676628870  -0.6942023212   0.0000000000  -0.4739050050   0.0000000000
        0.1628222852  -0.3878929987   1.0000000000  -0.3893418670   1.0000000000
  3  2  2  1  1
        0.8170000000   1.0000000000
  2  0  0  1  1
        0.06124000     1.0000000000
  2  1  1  1  1
        0.05611000     1.0000000000
#
#BASIS SET
O aug-DZVP-GTH
  4
  2  0  1  4  2  2
        8.3043855492   0.1510165999   0.0000000000  -0.0995679273   0.0000000000
        2.4579484191  -0.0393195364   0.0000000000  -0.3011422449   0.0000000000
        0.7597373434  -0.6971724029   0.0000000000  -0.4750857083   0.0000000000
        0.2136388632  -0.3841133622   1.0000000000  -0.3798777957   1.0000000000
  3  2  2  1  1
        1.1850000000   1.0000000000
  4  0  0  1  1
        0.0789600000   1.0000000000
  4  1  1  1  1
        0.0685600000   1.0000000000
#
#BASIS SET
F aug-DZVP-GTH
  4
  2  0  1  4  2  2
       10.7079832847   0.1525178777   0.0000000000  -0.1028649478   0.0000000000
        3.1757210204  -0.0450363043   0.0000000000  -0.3085265610   0.0000000000
        0.9750975650  -0.6987425604   0.0000000000  -0.4757649909   0.0000000000
        0.2701246771  -0.3801470341   1.0000000000  -0.3724954705   1.0000000000
  3  2  2  1  1
        1.6400000000   1.0000000000
  2  0  0  1  1
        0.09863000     1.0000000000
  2  1  1  1  1
        0.08502000     1.0000000000
#
#BASIS SET
Si aug-DZVP-GTH
  4
  3  0  1  4  2  2
        1.2032403600   0.3290356759   0.0000000000   0.0474536439   0.0000000000
        0.4688385970  -0.2533162616   0.0000000000  -0.2594495462   0.0000000000
        0.1679853910  -0.7870936517   0.0000000000  -0.5440932235   0.0000000000
        0.0575616890  -0.1909870193   1.0000000000  -0.3623984652   1.0000000000
  3  2  2  1  1
        0.2750000000   1.0000000000
  3  0  0  1  1
        0.03320000     1.0000000000
  3  1  1  1  1
        0.02500000     1.0000000000
#
#BASIS SET
P aug-DZVP-GTH
  4
  3  0  1  4  2  2
        1.4960907993   0.3653124842   0.0000000000   0.0816205767   0.0000000000
        0.7169067467  -0.2125748699   0.0000000000  -0.2627397053   0.0000000000
        0.2411464781  -0.8136091436   0.0000000000  -0.5627246555   0.0000000000
        0.0803414677  -0.2362413556   1.0000000000  -0.3691448735   1.0000000000
  3  2  2  1  1
        0.3730000000   1.0000000000
  3  0  0  1  1
        0.04170000     1.0000000000
  3  1  1  1  1
        0.03430000     1.0000000000
#
#BASIS SET
S aug-DZVP-GTH
  4
  3  0  1  4  2  2
        1.8379629578   0.3832142891   0.0000000000   0.1221358296   0.0000000000
        1.0357730084  -0.1682257315   0.0000000000  -0.2752002461   0.0000000000
        0.3297969875  -0.8258488166   0.0000000000  -0.5729054592   0.0000000000
        0.1073535471  -0.2832758052   1.0000000000  -0.3825468137   1.0000000000
  3  2  2  1  1
        0.4790000000   1.0000000000
  3  0  0  1  1
        0.05070000     1.0000000000
  3  1  1  1  1 
        0.03990000     1.0000000000
#
#BASIS SET
Cl aug-DZVP-GTH
  4
  3  0  1  4  2  2
        2.2321759828   0.3787844947   0.0000000000   0.1555385229   0.0000000000
        1.3787736290  -0.1239714599   0.0000000000  -0.2931741896   0.0000000000
        0.4264904045  -0.8298226129   0.0000000000  -0.5781097351   0.0000000000
        0.1366670312  -0.3175023225   1.0000000000  -0.3901110870   1.0000000000
  3  2  2  1  1
        0.6000000000   1.0000000000
  3  0  0  1  1
        0.06080000     1.0000000000
  3  1  1  1  1
        0.04660000     1.0000000000
#
END
