#BASIS SET
H  cc-QZVP-GTH
  10
  1  0  0  3  1
        12.5350945530   0.0114321687
         4.5491539489   0.0344048283
         1.6685193606   0.1007746979
  1  0  0  1  1
         0.6523849556   1.0000000000
  1  0  0  1  1
         0.2733011244   1.0000000000
  1  0  0  1  1
         0.1390608890   1.0000000000
  2  1  1  1  1
         2.2920000000   1.0000000000
  2  1  1  1  1
         0.8380000000   1.0000000000
  2  1  1  1  1
         0.2920000000   1.0000000000
  3  2  2  1  1
         2.0620000000   1.0000000000
  3  2  2  1  1
         0.6620000000   1.0000000000
  4  3  3  1  1
         1.3970000000   1.0000000000
#
#BASIS SET
Li cc-QZVP-GTH
  13
  9  0  1  4  1  1
     11.2399728913 0.0546031957 0.0121121394
     5.9010009273 0.2707752256 0.0442943986
     2.1128841305 0.3250518116 0.0864603159
     0.9242200694 0.3360526690 0.0982556510
  9  0  0  1  1
     0.7002587427 1.0000000000
  9  0  0  1  1
     0.2995868148 1.0000000000
  9  0  0  1  1
     0.1663628762 1.0000000000
  9  1  1  1  1
     0.7487586392 1.0000000000
  9  1  1  1  1
     0.3861408828 1.0000000000
  9  1  1  1  1
     0.2262050319 1.0000000000
  9  2  2  1  1
     0.7792082000 1.0000000000
  9  2  2  1  1
     0.4078992522 1.0000000000
  9  2  2  1  1
     0.2135267570 1.0000000000
  9  3  3  1  1
     0.7370630000 1.0000000000
  9  3  3  1  1
     0.3871078840 1.0000000000
  9  4  4  1  1
     0.7130934715 1.0000000000
#
#BASIS SET
C  cc-QZVP-GTH
  10
  2  0  1  3  1  1
        6.2117903778  -0.0646967401   0.0325569458
        2.6063423906  -0.1297753357   0.1202876489
        1.0110258071   0.1365330322   0.2556810166
  2  0  1  1  1  1
        0.4099767831   1.0000000000  1.0000000000
  2  0  1  1  1  1
        0.1615409293   1.0000000000  1.0000000000
  2  0  1  1  1  1
        0.0597349919   1.0000000000  1.0000000000
  3  2  2  1  1
        1.8480000000   1.0000000000
  3  2  2  1  1
        0.6490000000   1.0000000000
  3  2  2  1  1
        0.2280000000   1.0000000000
  4  3  3  1  1
        1.4190000000   1.0000000000
  4  3  3  1  1
        0.4850000000   1.0000000000
  5  4  4  1  1
        1.0110000000   1.0000000000
#
#BASIS SET
N  cc-QZVP-GTH
  10
  2  0  1  3  1  1
        8.8030997240  -0.0653598725   0.0363703004
        3.6785202400  -0.1318019698   0.1277243136
        1.4352947631   0.1465239013   0.2667499496
  2  0  1  1  1  1
        0.5774326402   1.0000000000   1.0000000000
  2  0  1  1  1  1
        0.2247320708   1.0000000000   1.0000000000
  2  0  1  1  1  1
        0.0818920852   1.0000000000   1.0000000000
  3  2  2  1  1
        2.8370000000   1.0000000000
  3  2  2  1  1
        0.9680000000   1.0000000000
  3  2  2  1  1
        0.3350000000   1.0000000000
  4  3  3  1  1
        2.0270000000   1.0000000000
  4  3  3  1  1
        0.6850000000   1.0000000000
  5  4  4  1  1
        1.427000000    1.0000000000
#
#BASIS SET
O  cc-QZVP-GTH
  10
  2  0  1  3  1  1
       11.8298677444  -0.0658681959   0.0389990698
        4.9326307395  -0.1327117781   0.1329824319
        1.9312997298   0.1529660213   0.2737974007
  2  0  1  1  1  1
        0.7724003899   1.0000000000  1.0000000000
  2  0  1  1  1  1
        0.2976334392   1.0000000000  1.0000000000
  2  0  1  1  1  1
        0.1070061063   1.0000000000  1.0000000000
  3  2  2  1  1
        3.7750000000   1.0000000000
  3  2  2  1  1
        1.3000000000   1.0000000000
  3  2  2  1  1
        0.4440000000   1.0000000000
  4  3  3  1  1
        2.666000000    1.0000000000
  4  3  3  1  1
        0.859000000    1.0000000000
  5  4  4  1  1
        1.846000000    1.0000000000
#

END
