#BASIS SET
H gth-cc-tzvp
6
1 0 0 2 1
8.374435    2.609612e-02
1.805868    1.430274e-01
2 0 0 1 1
0.485253    1.000000e+00
3 0 0 1 1
0.165824    1.000000e+00
4 1 1 1 1
1.420011    1.000000e+00
5 1 1 1 1
0.407480    1.000000e+00
6 2 2 1 1
1.046827    1.000000e+00
#BASIS SET
O gth-cc-tzvp
9
1 0 0 5 1
14.482841   -3.658934e-02
6.284704   -1.303224e-01
1.164884    3.769821e-01
0.468441    5.431582e-01
0.184961    2.084140e-01
2 0 0 1 1
1.903839    1.000000e+00
3 0 0 1 1
0.255392    1.000000e+00
4 1 1 5 1
10.213949    6.086918e-02
3.622324    1.870524e-01
1.299051    3.714779e-01
0.463791    4.256889e-01
0.157848    2.088730e-01
5 1 1 1 1
0.651226    1.000000e+00
6 1 1 1 1
0.208968    1.000000e+00
7 2 2 1 1
2.397685    1.000000e+00
8 2 2 1 1
0.662840    1.000000e+00
9 3 3 1 1
1.454951    1.000000e+00
#BASIS SET
Al gth-cc-tzvp
8
1 0 0 1 1
0.990359    1.000000e+00
2 0 0 1 1
0.176287    1.000000e+00
3 0 0 1 1
0.063442    1.000000e+00
4 1 1 1 1
0.196148    1.000000e+00
5 1 1 1 1
0.056845    1.000000e+00
6 2 2 1 1
0.377789    1.000000e+00
7 2 2 1 1
0.120097    1.000000e+00
8 3 3 1 1
0.261505    1.000000e+00
#BASIS SET
Ti gth-cc-tzvp
16
1 0 0 1 1
4.314400    1.000000e+00
2 0 0 1 1
1.211440    1.000000e+00
3 0 0 1 1
0.507273    1.000000e+00
4 0 0 1 1
0.083635    1.000000e+00
5 0 0 1 1
0.032238    1.000000e+00
6 1 1 3 2
6.628548   -1.876134e-01 -1.202160e-02
2.469901    3.648950e-01  2.614988e-02
1.068373    8.015420e-01 -1.647797e-02
7 1 1 1 1
0.438086    1.000000e+00
8 1 1 1 1
0.157971    1.000000e+00
9 1 1 1 1
0.068125    1.000000e+00
10 2 2 1 1
5.692516    1.000000e+00
11 2 2 1 1
1.923332    1.000000e+00
12 2 2 1 1
0.647040    1.000000e+00
13 2 2 1 1
0.199065    1.000000e+00
14 3 3 1 1
1.121189    1.000000e+00
15 3 3 1 1
0.284205    1.000000e+00
16 4 4 1 1
0.489687    1.000000e+00
