#BASIS SET
Li TZVP-GTH
  2
  1  0  1  6  4  3
        9.0670525492  -0.1411283591   0.0257097367   0.0000000000   0.0000000000   0.0000000000   0.0000000000   0.0000000000
        4.3499909489  -0.2767569948   0.0520569091   0.0000000000   0.0000000000   0.0000000000   0.0000000000   0.0000000000
        1.4348215636  -0.4501634495   0.1264219750   0.0000000000   0.0000000000   0.0000000000   0.0000000000   0.0000000000
        0.4970537951  -0.2617675690   0.1024067911   0.0000000000   0.0000000000   1.0000000000   0.0000000000   0.0000000000
        0.0729943466  -0.0116685753  -0.5635707625   1.0000000000   0.0000000000   0.0000000000   1.0000000000   0.0000000000
        0.0264328979   0.0038616721  -0.5290102979   0.0000000000   1.0000000000   0.0000000000   0.0000000000   1.0000000000
  3  2  2  1  1
        0.1239000000   1.0000000000
#
#BASIS SET
O TZVP-GTH
  2
  2  0  1  5  3  3
       10.2674419938   0.0989598460   0.0000000000   0.0000000000  -0.0595856940   0.0000000000   0.0000000000
        3.7480495696   0.1041178339   0.0000000000   0.0000000000  -0.1875649045   0.0000000000   0.0000000000
        1.3308337704  -0.3808255700   0.0000000000   0.0000000000  -0.3700707718   0.0000000000   0.0000000000
        0.4556802254  -0.6232449802   1.0000000000   0.0000000000  -0.4204922615   1.0000000000   0.0000000000
        0.1462920596  -0.1677863491   0.0000000000   1.0000000000  -0.2313901687   0.0000000000   1.0000000000
  3  2  2  1  1
        1.1850000000   1.0000000000
#
#BASIS SET
F TZVP-GTH
  2
  2  0  1  5  3  3
       13.1625129789   0.1014784435   0.0000000000   0.0000000000  -0.0624161251   0.0000000000   0.0000000000
        4.7972015127   0.1001604122   0.0000000000   0.0000000000  -0.1948710850   0.0000000000   0.0000000000
        1.7049975196  -0.3881644200   0.0000000000   0.0000000000  -0.3737338926   0.0000000000   0.0000000000
        0.5814471097  -0.6179394476   1.0000000000   0.0000000000  -0.4151939502   1.0000000000   0.0000000000
        0.1842582220  -0.1660215122   0.0000000000   1.0000000000  -0.2267411587   0.0000000000   1.0000000000
  3  2  2  1  1
        1.6400000000   1.0000000000
#
#BASIS SET
Mg TZVP-GTH
  2
  2  0  1  7  4  3
       32.6102127160  -0.0379330911  -0.0088936017   0.0000000000   0.0000000000   0.0307150457   0.0000000000   0.0000000000
       14.0525311690  -0.1824731301  -0.0446185212   0.0000000000   0.0000000000   0.1365611853   0.0000000000   0.0000000000
        5.3750565930   0.1414840059   0.0361139004   0.0000000000   0.0000000000   0.3216977104   0.0000000000   0.0000000000
        1.9603294652   0.6092794423   0.1991926589   0.0000000000   0.0000000000   0.4406864532   0.0000000000   0.0000000000
        0.6985451378   0.4085543085   0.2360727936   0.0000000000   0.0000000000   0.2830209201   0.0000000000   0.0000000000
        0.1599451430   0.0093835755  -0.4060439955   1.0000000000   0.0000000000   0.0314202293   1.0000000000   0.0000000000
        0.0539901438  -0.0000358721  -0.7421716821   0.0000000000   1.0000000000  -0.0070197374   0.0000000000   1.0000000000
  3  2  2  1  1
        0.1870000000   1.0000000000
#
END
