#BASIS SET
H DZV-GTH
  1
  1  0  0  4  2
        8.3744350009  -0.0283380461   0.0000000000
        1.8058681460  -0.1333810052   0.0000000000
        0.4852528328  -0.3995676063   0.0000000000
        0.1658236932  -0.5531027541   1.0000000000
#
#BASIS SET
He DZV-GTH
  1
  1  0  0  5  2
       13.1305278312  -0.0500802904   0.0000000000
        4.1977275150  -0.1474339352   0.0000000000
        1.3647725570  -0.3245281495   0.0000000000
        0.4549715461  -0.4365284986   0.0000000000
        0.1513197845  -0.2164629317   1.0000000000
#
#BASIS SET
Li DZV-GTH
  1
  1  0  1  5  3  2
        7.2610457926  -0.2798628497   0.0501840556   0.0000000000   0.0000000000   0.0000000000
        2.1056583087  -0.4477420790   0.1084202571   0.0000000000   0.0000000000   0.0000000000
        0.6439906571  -0.3912929157   0.1448363201   0.0000000000   1.0000000000   0.0000000000
        0.0797152017  -0.0282408543  -0.4643021689   0.0000000000   0.0000000000   1.0000000000
        0.0294029590   0.0106542324  -0.6220213304   1.0000000000   0.0000000000   0.0000000000
#
#BASIS SET
B DZV-GTH
  1
  2  0  1  4  2  2
        2.8854084023   0.1420731829   0.0000000000  -0.0759815770   0.0000000000
        0.8566849689  -0.0083257749   0.0000000000  -0.2508281584   0.0000000000
        0.2712991753  -0.6707104603   0.0000000000  -0.4610296144   0.0000000000
        0.0826101984  -0.4241277148   1.0000000000  -0.4419922734   1.0000000000
#
#BASIS SET
C DZV-GTH
  1
  2  0  1  4  2  2
        4.3362376436   0.1490797872   0.0000000000  -0.0878123619   0.0000000000
        1.2881838513  -0.0292640031   0.0000000000  -0.2775560300   0.0000000000
        0.4037767149  -0.6882040510   0.0000000000  -0.4712295093   0.0000000000
        0.1187877657  -0.3964426906   1.0000000000  -0.4058039291   1.0000000000
#
#BASIS SET
N DZV-GTH
  1
  2  0  1  4  2  2
        6.1526903413   0.1506300537   0.0000000000  -0.0950603476   0.0000000000
        1.8236332280  -0.0360100734   0.0000000000  -0.2918864295   0.0000000000
        0.5676628870  -0.6942023212   0.0000000000  -0.4739050050   0.0000000000
        0.1628222852  -0.3878929987   1.0000000000  -0.3893418670   1.0000000000
#
#BASIS SET
O DZV-GTH
  1
  2  0  1  4  2  2
        8.3043855492   0.1510165999   0.0000000000  -0.0995679273   0.0000000000
        2.4579484191  -0.0393195364   0.0000000000  -0.3011422449   0.0000000000
        0.7597373434  -0.6971724029   0.0000000000  -0.4750857083   0.0000000000
        0.2136388632  -0.3841133622   1.0000000000  -0.3798777957   1.0000000000
#
#BASIS SET
F DZV-GTH
  1
  2  0  1  4  2  2
       10.7079832847   0.1525178777   0.0000000000  -0.1028649478   0.0000000000
        3.1757210204  -0.0450363043   0.0000000000  -0.3085265610   0.0000000000
        0.9750975650  -0.6987425604   0.0000000000  -0.4757649909   0.0000000000
        0.2701246771  -0.3801470341   1.0000000000  -0.3724954705   1.0000000000
#
#BASIS SET
Ne DZV-GTH
  1
  2  0  1  4  2  2
       13.7594449156   0.1483426747   0.0000000000  -0.1044041225   0.0000000000
        4.0425282819  -0.0356307196   0.0000000000  -0.3108899020   0.0000000000
        1.2355181615  -0.7010729520   0.0000000000  -0.4760216511   0.0000000000
        0.3367029925  -0.3841118307   1.0000000000  -0.3721570391   1.0000000000
#
#BASIS SET
Mg DZV-GTH
  1
  2  0  1  6  3  2
       28.4894000448  -0.0662729183   0.0165018731   0.0000000000   0.0464558886   0.0000000000
       11.7278204570  -0.1706135571   0.0374283767   0.0000000000   0.1664914738   0.0000000000
        4.4443941842   0.2494781478  -0.0517347280   0.0000000000   0.3580941241   0.0000000000
        1.6070266284   0.6423214818  -0.2647624258   0.0000000000   0.4356599896   0.0000000000
        0.5690630460   0.2933234669  -0.0948461091   0.0000000000   0.2229558550   0.0000000000
        0.0763496459  -0.0002717019   1.0630071183   1.0000000000   0.0085986529   1.0000000000
#
#BASIS SET
Al DZV-GTH
  1
  3  0  1  4  2  2
        0.9504275958   0.2820078575   0.0000000000   0.0257257859   0.0000000000
        0.2947366659  -0.2787607042   0.0000000000  -0.2528156908   0.0000000000
        0.1124426785  -0.7494973519   0.0000000000  -0.5124696636   0.0000000000
        0.0396003631  -0.1645895071   1.0000000000  -0.3831165034   1.0000000000
#
#BASIS SET
Si DZV-GTH
  1
  3  0  1  4  2  2
        1.2032403600   0.3290356759   0.0000000000   0.0474536439   0.0000000000
        0.4688385970  -0.2533162616   0.0000000000  -0.2594495462   0.0000000000
        0.1679853910  -0.7870936517   0.0000000000  -0.5440932235   0.0000000000
        0.0575616890  -0.1909870193   1.0000000000  -0.3623984652   1.0000000000
#
#BASIS SET
P DZV-GTH
  1
  3  0  1  4  2  2
        1.4960907993   0.3653124842   0.0000000000   0.0816205767   0.0000000000
        0.7169067467  -0.2125748699   0.0000000000  -0.2627397053   0.0000000000
        0.2411464781  -0.8136091436   0.0000000000  -0.5627246555   0.0000000000
        0.0803414677  -0.2362413556   1.0000000000  -0.3691448735   1.0000000000
#
#BASIS SET
S DZV-GTH
  1
  3  0  1  4  2  2
        1.8379629578   0.3832142891   0.0000000000   0.1221358296   0.0000000000
        1.0357730084  -0.1682257315   0.0000000000  -0.2752002461   0.0000000000
        0.3297969875  -0.8258488166   0.0000000000  -0.5729054592   0.0000000000
        0.1073535471  -0.2832758052   1.0000000000  -0.3825468137   1.0000000000
#
#BASIS SET
Cl DZV-GTH
  1
  3  0  1  4  2  2
        2.2321759828   0.3787844947   0.0000000000   0.1555385229   0.0000000000
        1.3787736290  -0.1239714599   0.0000000000  -0.2931741896   0.0000000000
        0.4264904045  -0.8298226129   0.0000000000  -0.5781097351   0.0000000000
        0.1366670312  -0.3175023225   1.0000000000  -0.3901110870   1.0000000000
#
END
