#BASIS SET
H DZVP-GTH
  2
  1  0  0  4  2
        8.3744350009  -0.0283380461   0.0000000000
        1.8058681460  -0.1333810052   0.0000000000
        0.4852528328  -0.3995676063   0.0000000000
        0.1658236932  -0.5531027541   1.0000000000
  2  1  1  1  1
        0.7270000000   1.0000000000
#
#BASIS SET
He DZVP-GTH
  2
  1  0  0  5  2
       13.1305278312  -0.0500802904   0.0000000000
        4.1977275150  -0.1474339352   0.0000000000
        1.3647725570  -0.3245281495   0.0000000000
        0.4549715461  -0.4365284986   0.0000000000
        0.1513197845  -0.2164629317   1.0000000000
  2  1  1  1  1
        1.2750000000   1.0000000000
#
#BASIS SET
Li DZVP-GTH
  2
  1  0  1  5  3  2
        7.2610457926  -0.2798628497   0.0501840556   0.0000000000   0.0000000000   0.0000000000
        2.1056583087  -0.4477420790   0.1084202571   0.0000000000   0.0000000000   0.0000000000
        0.6439906571  -0.3912929157   0.1448363201   0.0000000000   1.0000000000   0.0000000000
        0.0797152017  -0.0282408543  -0.4643021689   0.0000000000   0.0000000000   1.0000000000
        0.0294029590   0.0106542324  -0.6220213304   1.0000000000   0.0000000000   0.0000000000
  3  2  2  1  1
        0.1239000000   1.0000000000
#
#BASIS SET
Be DZVP-GTH
  2
  1  0  1  5  3  2
       12.0759365620  -0.2957180545   0.0588372089   0.0000000000   0.0000000000   0.0000000000
        3.8545761940  -0.4334460398   0.1288856096   0.0000000000   0.0000000000   0.0000000000
        1.2504781570  -0.3784683226   0.1550415386   0.0000000000   0.0000000000   0.0000000000
        0.1871714430  -0.0264606251  -0.5160084709   0.0000000000   1.0000000000   0.0000000000
        0.0612757198   0.0081452640  -0.5935732462   1.0000000000   0.0000000000   1.0000000000
  3  2  2  1  1
        0.2380000000   1.0000000000
#
#BASIS SET
B DZVP-GTH
  2
  2  0  1  4  2  2
        2.8854084023   0.1420731829   0.0000000000  -0.0759815770   0.0000000000
        0.8566849689  -0.0083257749   0.0000000000  -0.2508281584   0.0000000000
        0.2712991753  -0.6707104603   0.0000000000  -0.4610296144   0.0000000000
        0.0826101984  -0.4241277148   1.0000000000  -0.4419922734   1.0000000000
  3  2  2  1  1
        0.3430000000   1.0000000000
#
#BASIS SET
C DZVP-GTH
  2
  2  0  1  4  2  2
        4.3362376436   0.1490797872   0.0000000000  -0.0878123619   0.0000000000
        1.2881838513  -0.0292640031   0.0000000000  -0.2775560300   0.0000000000
        0.4037767149  -0.6882040510   0.0000000000  -0.4712295093   0.0000000000
        0.1187877657  -0.3964426906   1.0000000000  -0.4058039291   1.0000000000
  3  2  2  1  1
        0.5500000000   1.0000000000
#
#BASIS SET
N DZVP-GTH
  2
  2  0  1  4  2  2
        6.1526903413   0.1506300537   0.0000000000  -0.0950603476   0.0000000000
        1.8236332280  -0.0360100734   0.0000000000  -0.2918864295   0.0000000000
        0.5676628870  -0.6942023212   0.0000000000  -0.4739050050   0.0000000000
        0.1628222852  -0.3878929987   1.0000000000  -0.3893418670   1.0000000000
  3  2  2  1  1
        0.8170000000   1.0000000000
#
#BASIS SET
O DZVP-GTH
  2
  2  0  1  4  2  2
        8.3043855492   0.1510165999   0.0000000000  -0.0995679273   0.0000000000
        2.4579484191  -0.0393195364   0.0000000000  -0.3011422449   0.0000000000
        0.7597373434  -0.6971724029   0.0000000000  -0.4750857083   0.0000000000
        0.2136388632  -0.3841133622   1.0000000000  -0.3798777957   1.0000000000
  3  2  2  1  1
        1.1850000000   1.0000000000
#
#BASIS SET
F DZVP-GTH
  2
  2  0  1  4  2  2
       10.7079832847   0.1525178777   0.0000000000  -0.1028649478   0.0000000000
        3.1757210204  -0.0450363043   0.0000000000  -0.3085265610   0.0000000000
        0.9750975650  -0.6987425604   0.0000000000  -0.4757649909   0.0000000000
        0.2701246771  -0.3801470341   1.0000000000  -0.3724954705   1.0000000000
  3  2  2  1  1
        1.6400000000   1.0000000000
#
#BASIS SET
Ne DZVP-GTH
  2
  2  0  1  4  2  2
       13.7594449156   0.1483426747   0.0000000000  -0.1044041225   0.0000000000
        4.0425282819  -0.0356307196   0.0000000000  -0.3108899020   0.0000000000
        1.2355181615  -0.7010729520   0.0000000000  -0.4760216511   0.0000000000
        0.3367029925  -0.3841118307   1.0000000000  -0.3721570391   1.0000000000
  3  2  2  1  1
        2.2020000000   1.0000000000
#
#BASIS SET
Na DZVP-GTH
  2
  2  0  1  6  3  2
       17.6698382207  -0.1362364777   0.0270957219   0.0000000000   0.0791980974   0.0000000000
        6.9070658063  -0.0645835666   0.0098734119   0.0000000000   0.2184139257   0.0000000000
        2.6098601451   0.3866153961  -0.0737170396   0.0000000000   0.3764887364   0.0000000000
        0.9649548796   0.5971358883  -0.2186742776   0.0000000000   0.3922304007   0.0000000000
        0.3400348369   0.1756697026  -0.0301066303   0.0000000000   0.1808407220   0.0000000000
        0.0432486046  -0.0017104621   1.0388865857   1.0000000000   0.0057696324   1.0000000000
  3  2  2  1  1
        0.0973000000   1.0000000000
#
#BASIS SET
Mg DZVP-GTH
  2
  2  0  1  6  3  2
       28.4894000448  -0.0662729183   0.0165018731   0.0000000000   0.0464558886   0.0000000000
       11.7278204570  -0.1706135571   0.0374283767   0.0000000000   0.1664914738   0.0000000000
        4.4443941842   0.2494781478  -0.0517347280   0.0000000000   0.3580941241   0.0000000000
        1.6070266284   0.6423214818  -0.2647624258   0.0000000000   0.4356599896   0.0000000000
        0.5690630460   0.2933234669  -0.0948461091   0.0000000000   0.2229558550   0.0000000000
        0.0763496459  -0.0002717019   1.0630071183   1.0000000000   0.0085986529   1.0000000000
  3  2  2  1  1
        0.1870000000   1.0000000000
#
#BASIS SET
Al DZVP-GTH
  2
  3  0  1  4  2  2
        0.9504275958   0.2820078575   0.0000000000   0.0257257859   0.0000000000
        0.2947366659  -0.2787607042   0.0000000000  -0.2528156908   0.0000000000
        0.1124426785  -0.7494973519   0.0000000000  -0.5124696636   0.0000000000
        0.0396003631  -0.1645895071   1.0000000000  -0.3831165034   1.0000000000
  3  2  2  1  1
        0.1890000000   1.0000000000
#
#BASIS SET
Si DZVP-GTH
  2
  3  0  1  4  2  2
        1.2032403600   0.3290356759   0.0000000000   0.0474536439   0.0000000000
        0.4688385970  -0.2533162616   0.0000000000  -0.2594495462   0.0000000000
        0.1679853910  -0.7870936517   0.0000000000  -0.5440932235   0.0000000000
        0.0575616890  -0.1909870193   1.0000000000  -0.3623984652   1.0000000000
  3  2  2  1  1
        0.2750000000   1.0000000000
#
#BASIS SET
P DZVP-GTH
  2
  3  0  1  4  2  2
        1.4960907993   0.3653124842   0.0000000000   0.0816205767   0.0000000000
        0.7169067467  -0.2125748699   0.0000000000  -0.2627397053   0.0000000000
        0.2411464781  -0.8136091436   0.0000000000  -0.5627246555   0.0000000000
        0.0803414677  -0.2362413556   1.0000000000  -0.3691448735   1.0000000000
  3  2  2  1  1
        0.3730000000   1.0000000000
#
#BASIS SET
S DZVP-GTH
  2
  3  0  1  4  2  2
        1.8379629578   0.3832142891   0.0000000000   0.1221358296   0.0000000000
        1.0357730084  -0.1682257315   0.0000000000  -0.2752002461   0.0000000000
        0.3297969875  -0.8258488166   0.0000000000  -0.5729054592   0.0000000000
        0.1073535471  -0.2832758052   1.0000000000  -0.3825468137   1.0000000000
  3  2  2  1  1
        0.4790000000   1.0000000000
#
#BASIS SET
Cl DZVP-GTH
  2
  3  0  1  4  2  2
        2.2321759828   0.3787844947   0.0000000000   0.1555385229   0.0000000000
        1.3787736290  -0.1239714599   0.0000000000  -0.2931741896   0.0000000000
        0.4264904045  -0.8298226129   0.0000000000  -0.5781097351   0.0000000000
        0.1366670312  -0.3175023225   1.0000000000  -0.3901110870   1.0000000000
  3  2  2  1  1
        0.6000000000   1.0000000000
#
#BASIS SET
Ar DZVP-GTH
  2
  3  0  1  4  2  2
        2.6436341408   0.3737594656   0.0000000000   0.1735190188   0.0000000000
        1.6948954231  -0.0996534757   0.0000000000  -0.3100915552   0.0000000000
        0.5231109619  -0.8315200024   0.0000000000  -0.5807564917   0.0000000000
        0.1663306660  -0.3339930084   1.0000000000  -0.3879330451   1.0000000000
  3  2  2  1  1
        0.7380000000   1.0000000000
#
#BASIS SET
W DZVP-GTH
  3
  5  0  0  4  3
          3.17833961    -0.59405642     0.16293727     0.00000000
          1.54892965     0.66388244    -0.20717075     0.00000000
          0.65507630     0.77725275    -0.51725023     0.00000000
          0.08615458     0.02093277     1.15557619     1.00000000
  5  1  1  4  2
          2.98630221     0.05620580     0.00000000
          1.21317676    -0.52492834     0.00000000
          0.58573989    -0.46305304     0.00000000
          0.26423237    -0.11761739     1.00000000
  5  2  2  4  2
          3.98958029     0.05242902     0.00000000
          1.11283726    -0.37652293     0.00000000
          0.39364968    -0.52218358     0.00000000
          0.12396511    -0.33923705     1.00000000
#BASIS SET
Ga DZVP-GTH
 1
 2 0 3 6 2 2 2 1
      7.066653970373  0.004038828810 -0.031816598052  0.000167446202  0.029367472355 -0.311164169605 -0.152377671375  0.008402101637
      3.428369180000 -0.049926015210  0.005769897361  0.003362568505 -0.090542574365 -0.386388805667 -0.200456714008 -0.016601774058
      1.430064114378  0.270487560795  0.375790997895  0.130532105798 -0.084206693559 -0.341437057173 -0.304563164958  0.049257564549
      0.571610928613  0.114461485481  0.388650732034 -0.096032824634  0.052258004145 -0.204608212390  0.349719373167  0.451920686398
      0.232196966975 -0.765662388169 -1.779139618248 -0.807329497232  1.288732412987 -0.056129936831  0.455579311293  0.322063208269
      0.076561670688 -0.411890094700  1.829743730735 -0.419386452377 -1.217068254825 -0.001205250841  0.817649971475  1.018553207480
#BASIS SET
Ge DZVP-GTH
 1
 2 0 2 4 2 2 1
      3.751626352194 -0.081330564365  0.131718200550  0.009035073443 -0.028177828258 -0.016817594331
      1.419172362656  0.601635148115 -0.833571668129  0.102040890998 -0.184453915085  0.112319200324
      0.322428319082 -0.974594550901  1.770142218328 -0.762506665117  1.459738649058  1.386642934635
      0.110739925211 -0.656437584837 -1.762909730970 -0.400605035566 -1.461907495600  0.473933627779
#BASIS SET
As DZVP-GTH
 1
 2 0 2 4 2 2 1
      1.098624139209  0.855667038605 -0.557301753073  0.312802805211 -0.238167652686 -0.102371891125
      0.889293303816 -0.687764546866 -0.627315887673 -0.362619654191  0.216505388598  0.223787145639
      0.234710973732 -0.705420359459 -2.016588485577 -0.425177185346  0.935056716086  0.988597507108
      0.097981856094 -0.209729326520  1.439205779281 -0.182957845017 -1.485977479107  0.039413462750
#
END
