#BASIS SET
H  cc-TZVP-GTH
  6
  1  0  0  3  1
       10.8827241585  -0.0167058885
        3.0968750876  -0.0627538300
        0.9874518162  -0.1917521975
  1  0  0  1  1
        0.3450687533   1.0000000000
  1  0  0  1  1
        0.1492693554   1.0000000000
  2  1  1  1  1
        1.4070000000   1.0000000000
  2  1  1  1  1
        0.3880000000   1.0000000000
  3  2  2  1  1
        1.0570000000   1.0000000000
#
#BASIS SET
Li cc-TZVP-GTH
  7
  9  0  1  3  1  1
        9.0670525492 -0.1411283591 0.0257097367
        4.3499909489 -0.2767569948 0.0520569091
        1.4348215636 -0.4501634495 0.1264219750
  9  0  1  1  1  1
        0.4970537951 1.0000000000 1.0000000000
  9  0  0  1  1
        0.1416898954 1.0000000000
  9  1  1  1  1
        0.2623029625 1.0000000000
  9  2  2  1  1
        0.7792082000 1.0000000000
  9  2  2  1  1
        0.4078992522 1.0000000000
  9  3  3  1  1
        0.7370630000 1.0000000000
#
#BASIS SET
C  cc-TZVP-GTH
  6
  2  0  1  3  1  1
        5.3685662937   0.0974901974  -0.0510969367
        1.9830691554   0.1041996677  -0.1693035193
        0.6978346167  -0.3645093878  -0.3579933930
  2  0  1  1  1  1
        0.2430968816   1.0000000000   1.0000000000
  2  0  1  1  1  1
        0.0812865018   1.0000000000   1.0000000000
  3  2  2  1  1
        1.0970000000   1.0000000000
  3  2  2  1  1
        0.3180000000   1.0000000000
  4  3  3  1  1
        0.7610000000   1.0000000000
#
#BASIS SET
N cc-TZVP-GTH
  6
  2  0  1  3  1  1
        7.6227447102   0.0983924689  -0.0561654555
        2.7970605447   0.1045217098  -0.1798165209
        0.9909765447  -0.3742661352  -0.3653986185
  2  0  1  1  1  1
        0.3417314862   1.0000000000   1.0000000000
  2  0  1  1  1  1
        0.1116822743   1.0000000000   1.0000000000
  3  2  2  1  1
        1.6540000000   1.0000000000
  3  2  2  1  1
        0.4690000000   1.0000000000
  4  3  3  1  1
        1.0930000000   1.0000000000
#
#BASIS SET
O  cc-TZVP-GTH
  6
  2  0  1  3  1  1
       10.2674419938   0.0989598460  -0.0595856940
        3.7480495696   0.1041178339  -0.1875649045
        1.3308337704  -0.3808255700  -0.3700707718
  2  0  1  1  1  1
        0.4556802254   1.0000000000   1.0000000000
  2  0  1  1  1  1
        0.1462920596   1.0000000000   1.0000000000
  3  2  2  1  1
        2.3140000000   1.0000000000
  3  2  2  1  1
        0.6450000000   1.0000000000
  4  3  3  1  1
        1.4280000000   1.0000000000
#
END
