#BASIS SET
H cc-DZVP-GTH
  3
  1  0  0  3  1
        8.3744350009  -0.0283380461 
        1.8058681460  -0.1333810052 
        0.4852528328  -0.3995676063 
  1  0  0  1  1
        0.1658236932   1.0000000000
  2  1  1  1  1
        0.7270000000   1.0000000000
#
#BASIS SET
Li cc-DZVP-GTH
  4
  9  0  1  3  1  1
        7.2610457926  -0.2798628497   0.0501840556
        2.1056580837  -0.4477420790   0.1084202571
        0.6439906571  -0.3912929157   0.1448363201
  9  0  0  1  1
        0.1416898954   1.0000000000
  9  1  1  1  1
        0.2623029625   1.0000000000
  9  2  2  1  1
        0.7792082000   1.0000000000
#
#BASIS SET
C cc-DZVP-GTH
  3
  2  0  1  3  1  1
        4.3362376436   0.1490797872  -0.0878123619
        1.2881838513  -0.0292640031  -0.2775560300
        0.4037767149  -0.6882040510  -0.4712295093
  2  0  1  1  1  1
        0.1187877657   1.0000000000   1.0000000000
  3  2  2  1  1
        0.5500000000   1.0000000000
#
#BASIS SET
N cc-DZVP-GTH
  3
  2  0  1  3  1  1
        6.1526903413   0.1506300537  -0.0950603476
        1.8236332280  -0.0360100734  -0.2918864295
        0.5676628870  -0.6942023212  -0.4739050050
  2  0  1  1  1  1
        0.1628222852   1.0000000000   1.0000000000
  3  2  2  1  1
        0.8170000000   1.0000000000
#
#BASIS SET
O cc-DZVP-GTH
  3
  2  0  1  3  1  1
        8.3043855492   0.1510165999   -0.0995679273  
        2.4579484191  -0.0393195364   -0.3011422449 
        0.7597373434  -0.6971724029   -0.4750857083 
  2  0  1  1  1  1
        0.2136388632   1.0000000000    1.0000000000
  3  2  2  1  1
        1.1850000000   1.0000000000
#
END
