#BASIS SET
H TZV2P-GTH
  2
  1  0  0  5  3
       10.8827241585  -0.0167058885   0.0000000000   0.0000000000
        3.0968750876  -0.0627538300   0.0000000000   0.0000000000
        0.9874518162  -0.1917521975   0.0000000000   0.0000000000
        0.3450687533  -0.4173635232   1.0000000000   0.0000000000
        0.1492693554  -0.4270508887   0.0000000000   1.0000000000
  2  1  1  2  2
        1.4070000000   1.0000000000   0.0000000000
        0.3880000000   0.0000000000   1.0000000000
#
#BASIS SET
He TZV2P-GTH
  2
  1  0  0  6  3
       14.9231368362   0.0343142688   0.0000000000   0.0000000000
        5.9479610723   0.0933152472   0.0000000000   0.0000000000
        2.1932485067   0.2143451850   0.0000000000   0.0000000000
        0.8304881034   0.3500759421   0.0000000000   0.0000000000
        0.3182586587   0.3570840512   1.0000000000   0.0000000000
        0.1197839846   0.1270021790   0.0000000000   1.0000000000
  2  1  1  2  2
        3.0440000000   1.0000000000   0.0000000000
        0.7580000000   0.0000000000   1.0000000000
#
#BASIS SET
Li TZV2P-GTH
  2
  1  0  1  6  4  3
        9.0670525492  -0.1411283591   0.0257097367   0.0000000000   0.0000000000   0.0000000000   0.0000000000   0.0000000000
        4.3499909489  -0.2767569948   0.0520569091   0.0000000000   0.0000000000   0.0000000000   0.0000000000   0.0000000000
        1.4348215636  -0.4501634495   0.1264219750   0.0000000000   0.0000000000   0.0000000000   0.0000000000   0.0000000000
        0.4970537951  -0.2617675690   0.1024067911   0.0000000000   0.0000000000   1.0000000000   0.0000000000   0.0000000000
        0.0729943466  -0.0116685753  -0.5635707625   1.0000000000   0.0000000000   0.0000000000   1.0000000000   0.0000000000
        0.0264328979   0.0038616721  -0.5290102979   0.0000000000   1.0000000000   0.0000000000   0.0000000000   1.0000000000
  3  2  2  2  2
        0.1874000000   1.0000000000   0.0000000000
        0.0801000000   0.0000000000   1.0000000000
#
#BASIS SET
Be TZV2P-GTH
  2
  1  0  1  6  4  3
       16.1633017560   0.1058505482   0.0252110810   0.0000000000   0.0000000000   0.0000000000   0.0000000000   0.0000000000
        8.2794656488   0.3142306535   0.0592234829   0.0000000000   0.0000000000   0.0000000000   0.0000000000   0.0000000000
        2.7431462702   0.4327355582   0.1590642952   0.0000000000   0.0000000000   0.0000000000   0.0000000000   0.0000000000
        1.0051192904   0.2646375740   0.0970211162   0.0000000000   0.0000000000   1.0000000000   0.0000000000   0.0000000000
        0.1765074807   0.0128485143  -0.5606394206   1.0000000000   0.0000000000   0.0000000000   1.0000000000   0.0000000000
        0.0580432824  -0.0034494712  -0.5479256813   0.0000000000   1.0000000000   0.0000000000   0.0000000000   1.0000000000
  3  2  2  2  2
        0.3480000000   1.0000000000   0.0000000000
        0.1803000000   0.0000000000   1.0000000000
#
#BASIS SET
B TZV2P-GTH
  2
  2  0  1  5  3  3
        3.5725567849   0.0919963366   0.0000000000   0.0000000000  -0.0431808210   0.0000000000   0.0000000000
        1.3258097706   0.1075235422   0.0000000000   0.0000000000  -0.1511855730   0.0000000000   0.0000000000
        0.4583887751  -0.3415470752   0.0000000000   0.0000000000  -0.3429313866   0.0000000000   0.0000000000
        0.1620866416  -0.6439245174   1.0000000000   0.0000000000  -0.4414563660   1.0000000000   0.0000000000
        0.0559199264  -0.1753147308   0.0000000000   1.0000000000  -0.2681154092   0.0000000000   1.0000000000
  3  2  2  2  2
        0.6610000000   1.0000000000   0.0000000000
        0.1990000000   0.0000000000   1.0000000000
#
#BASIS SET
C TZV2P-GTH
  2
  2  0  1  5  3  3
        5.3685662937   0.0974901974   0.0000000000   0.0000000000  -0.0510969367   0.0000000000   0.0000000000
        1.9830691554   0.1041996677   0.0000000000   0.0000000000  -0.1693035193   0.0000000000   0.0000000000
        0.6978346167  -0.3645093878   0.0000000000   0.0000000000  -0.3579933930   0.0000000000   0.0000000000
        0.2430968816  -0.6336931464   1.0000000000   0.0000000000  -0.4327616531   1.0000000000   0.0000000000
        0.0812865018  -0.1676727564   0.0000000000   1.0000000000  -0.2457672757   0.0000000000   1.0000000000
  3  2  2  2  2
        1.0970000000   1.0000000000   0.0000000000
        0.3180000000   0.0000000000   1.0000000000
#
#BASIS SET
N TZV2P-GTH
  2
  2  0  1  5  3  3
        7.6227447102   0.0983924689   0.0000000000   0.0000000000  -0.0561654555   0.0000000000   0.0000000000
        2.7970605447   0.1045217098   0.0000000000   0.0000000000  -0.1798165209   0.0000000000   0.0000000000
        0.9909765447  -0.3742661352   0.0000000000   0.0000000000  -0.3653986185   0.0000000000   0.0000000000
        0.3417314862  -0.6278094034   1.0000000000   0.0000000000  -0.4259126207   1.0000000000   0.0000000000
        0.1116822743  -0.1675236192   0.0000000000   1.0000000000  -0.2366040346   0.0000000000   1.0000000000
  3  2  2  2  2
        1.6540000000   1.0000000000   0.0000000000
        0.4690000000   0.0000000000   1.0000000000
#
#BASIS SET
O TZV2P-GTH
  2
  2  0  1  5  3  3
       10.2674419938   0.0989598460   0.0000000000   0.0000000000  -0.0595856940   0.0000000000   0.0000000000
        3.7480495696   0.1041178339   0.0000000000   0.0000000000  -0.1875649045   0.0000000000   0.0000000000
        1.3308337704  -0.3808255700   0.0000000000   0.0000000000  -0.3700707718   0.0000000000   0.0000000000
        0.4556802254  -0.6232449802   1.0000000000   0.0000000000  -0.4204922615   1.0000000000   0.0000000000
        0.1462920596  -0.1677863491   0.0000000000   1.0000000000  -0.2313901687   0.0000000000   1.0000000000
  3  2  2  2  2
        2.3140000000   1.0000000000   0.0000000000
        0.6450000000   0.0000000000   1.0000000000
#
#BASIS SET
F TZV2P-GTH
  2
  2  0  1  5  3  3
       13.1625129789   0.1014784435   0.0000000000   0.0000000000  -0.0624161251   0.0000000000   0.0000000000
        4.7972015127   0.1001604122   0.0000000000   0.0000000000  -0.1948710850   0.0000000000   0.0000000000
        1.7049975196  -0.3881644200   0.0000000000   0.0000000000  -0.3737338926   0.0000000000   0.0000000000
        0.5814471097  -0.6179394476   1.0000000000   0.0000000000  -0.4151939502   1.0000000000   0.0000000000
        0.1842582220  -0.1660215122   0.0000000000   1.0000000000  -0.2267411587   0.0000000000   1.0000000000
  3  2  2  2  2
        3.1070000000   1.0000000000   0.0000000000
        0.8550000000   0.0000000000   1.0000000000
#
#BASIS SET
Ne TZV2P-GTH
  2
  2  0  1  5  3  3
       17.0406976441   0.0956582854   0.0000000000   0.0000000000  -0.0631287607   0.0000000000   0.0000000000
        6.1494859942   0.1095546500   0.0000000000   0.0000000000  -0.1953504506   0.0000000000   0.0000000000
        2.1810891675  -0.3850952695   0.0000000000   0.0000000000  -0.3747245390   0.0000000000   0.0000000000
        0.7370336206  -0.6201458095   1.0000000000   0.0000000000  -0.4151315545   1.0000000000   0.0000000000
        0.2296296929  -0.1719183539   0.0000000000   1.0000000000  -0.2286539782   0.0000000000   1.0000000000
  3  2  2  2  2
        4.0140000000   1.0000000000   0.0000000000
        1.0960000000   0.0000000000   1.0000000000
#
#BASIS SET
Na TZV2P-GTH
  2
  2  0  1  7  4  3
       18.1210741090  -0.1275232222  -0.0248047945   0.0000000000   0.0000000000   0.0729874345   0.0000000000   0.0000000000
        7.3775066400  -0.0812376594  -0.0171596817   0.0000000000   0.0000000000   0.1996717590   0.0000000000   0.0000000000
        2.8817585986   0.3277442268   0.0724090847   0.0000000000   0.0000000000   0.3527504683   0.0000000000   0.0000000000
        1.0990235357   0.5946658147   0.1739886836   0.0000000000   0.0000000000   0.3936231447   0.0000000000   0.0000000000
        0.4007387720   0.2436047977   0.1404493622   0.0000000000   0.0000000000   0.2171401481   0.0000000000   0.0000000000
        0.0916859420  -0.0017574619  -0.3860533721   1.0000000000   0.0000000000   0.0205070521   1.0000000000   0.0000000000
        0.0309750158   0.0016745741  -0.7360619920   0.0000000000   1.0000000000  -0.0045593404   0.0000000000   1.0000000000
  3  2  2  2  2
        0.1367000000   1.0000000000   0.0000000000
        0.0636000000   0.0000000000   1.0000000000
#
#BASIS SET
Mg TZV2P-GTH
  2
  2  0  1  7  4  3
       32.6102127160  -0.0379330911  -0.0088936017   0.0000000000   0.0000000000   0.0307150457   0.0000000000   0.0000000000
       14.0525311690  -0.1824731301  -0.0446185212   0.0000000000   0.0000000000   0.1365611853   0.0000000000   0.0000000000
        5.3750565930   0.1414840059   0.0361139004   0.0000000000   0.0000000000   0.3216977104   0.0000000000   0.0000000000
        1.9603294652   0.6092794423   0.1991926589   0.0000000000   0.0000000000   0.4406864532   0.0000000000   0.0000000000
        0.6985451378   0.4085543085   0.2360727936   0.0000000000   0.0000000000   0.2830209201   0.0000000000   0.0000000000
        0.1599451430   0.0093835755  -0.4060439955   1.0000000000   0.0000000000   0.0314202293   1.0000000000   0.0000000000
        0.0539901438  -0.0000358721  -0.7421716821   0.0000000000   1.0000000000  -0.0070197374   0.0000000000   1.0000000000
  3  2  2  2  2
        0.2940000000   1.0000000000   0.0000000000
        0.1260000000   0.0000000000   1.0000000000
#
#BASIS SET
Al TZV2P-GTH
  2
  3  0  1  5  3  3
        0.9710403542   0.2731273083   0.0000000000   0.0000000000   0.0318495312   0.0000000000   0.0000000000
        0.3604758056  -0.1164353642   0.0000000000   0.0000000000  -0.1582365164   0.0000000000   0.0000000000
        0.1582849401  -0.6159606293   0.0000000000   0.0000000000  -0.3791239519   0.0000000000   0.0000000000
        0.0674736203  -0.4172871263   1.0000000000   0.0000000000  -0.4457455282   1.0000000000   0.0000000000
        0.0267010818  -0.0326661237   0.0000000000   1.0000000000  -0.1788784308   0.0000000000   1.0000000000
  3  2  2  2  2
        0.3330000000   1.0000000000   0.0000000000
        0.1090000000   0.0000000000   1.0000000000
#
#BASIS SET
Si TZV2P-GTH
  2
  3  0  1  5  3  3
        1.2331731434   0.3150424674   0.0000000000   0.0000000000   0.0667574395   0.0000000000   0.0000000000
        0.6579957180  -0.0732928041   0.0000000000   0.0000000000  -0.1473516106   0.0000000000   0.0000000000
        0.2547041526  -0.5862322199   0.0000000000   0.0000000000  -0.4034178654   0.0000000000   0.0000000000
        0.1060089904  -0.5051712664   1.0000000000   0.0000000000  -0.4457008802   1.0000000000   0.0000000000
        0.0418790646  -0.0507253610   0.0000000000   1.0000000000  -0.1941498294   0.0000000000   1.0000000000
  3  2  2  2  2
        0.4810000000   1.0000000000   0.0000000000
        0.1590000000   0.0000000000   1.0000000000
#
#BASIS SET
P TZV2P-GTH
  2
  3  0  1  5  3  3
        2.1996341190  -0.0704921557   0.0000000000   0.0000000000   0.0621639873   0.0000000000   0.0000000000
        1.6369289280   0.3969825114   0.0000000000   0.0000000000  -0.0400911635   0.0000000000   0.0000000000
        0.4970575820  -0.3512429748   0.0000000000   0.0000000000  -0.3338049853   0.0000000000   0.0000000000
        0.1944032900  -0.7297176188   1.0000000000   0.0000000000  -0.5118382938   1.0000000000   0.0000000000
        0.0699106580  -0.1421063788   0.0000000000   1.0000000000  -0.2909693679   0.0000000000   1.0000000000
  3  2  2  2  2
        0.6520000000   1.0000000000   0.0000000000
        0.2160000000   0.0000000000   1.0000000000
#
#BASIS SET
S TZV2P-GTH
  2
  3  0  1  5  3  3
        2.9775941238  -0.0684133054   0.0000000000   0.0000000000   0.0522484808   0.0000000000   0.0000000000
        2.0190866819   0.4095039721   0.0000000000   0.0000000000  -0.0232128642   0.0000000000   0.0000000000
        0.6439412840  -0.3403336830   0.0000000000   0.0000000000  -0.3459753011   0.0000000000   0.0000000000
        0.2501987605  -0.7425154227   1.0000000000   0.0000000000  -0.5141620418   1.0000000000   0.0000000000
        0.0891650206  -0.1520225390   0.0000000000   1.0000000000  -0.2803769713   0.0000000000   1.0000000000
  3  2  2  2  2
        0.8190000000   1.0000000000   0.0000000000
        0.2690000000   0.0000000000   1.0000000000
#
#BASIS SET
Cl TZV2P-GTH
  2
  3  0  1  5  3  3
        3.4404677360  -0.0962885076   0.0000000000   0.0000000000   0.0674841325   0.0000000000   0.0000000000
        2.4424740830   0.4481503162   0.0000000000   0.0000000000  -0.0388856129   0.0000000000   0.0000000000
        0.7848604567  -0.3507929510   0.0000000000   0.0000000000  -0.3633699842   0.0000000000   0.0000000000
        0.3048755969  -0.7403677289   1.0000000000   0.0000000000  -0.5101595423   1.0000000000   0.0000000000
        0.1084717366  -0.1528159301   0.0000000000   1.0000000000  -0.2654035575   0.0000000000   1.0000000000
  3  2  2  2  2
        1.0460000000   1.0000000000   0.0000000000
        0.3440000000   0.0000000000   1.0000000000
#
#BASIS SET
Ar TZV2P-GTH
  2
  3  0  1  5  3  3
        3.7933849461  -0.1618280953   0.0000000000   0.0000000000   0.0960404756   0.0000000000   0.0000000000
        2.9269187333   0.5221781637   0.0000000000   0.0000000000  -0.0704844503   0.0000000000   0.0000000000
        0.9316537640  -0.3632163241   0.0000000000   0.0000000000  -0.3787707182   0.0000000000   0.0000000000
        0.3621005146  -0.7358329756   1.0000000000   0.0000000000  -0.5047539917   1.0000000000   0.0000000000
        0.1287409102  -0.1523090856   0.0000000000   1.0000000000  -0.2525011145   0.0000000000   1.0000000000
  3  2  2  2  2
        1.2540000000   1.0000000000   0.0000000000
        0.4100000000   0.0000000000   1.0000000000
#
END
