#BASIS SET
H QZV3P-GTH
  2
  1  0  0  6  4
       12.5350945530   0.0114321687   0.0000000000   0.0000000000   0.0000000000
        4.5491539489   0.0344048283   0.0000000000   0.0000000000   0.0000000000
        1.6685193606   0.1007746979   0.0000000000   0.0000000000   0.0000000000
        0.6523849556   0.2302169182   1.0000000000   0.0000000000   0.0000000000
        0.2733011244   0.4067637930   0.0000000000   1.0000000000   0.0000000000
        0.1390608890   0.3322841300   0.0000000000   0.0000000000   1.0000000000
  2  1  1  3  3
        2.2920000000   1.0000000000   0.0000000000   0.0000000000
        0.8380000000   0.0000000000   1.0000000000   0.0000000000
        0.2920000000   0.0000000000   0.0000000000   1.0000000000
#
#BASIS SET
He QZV3P-GTH
  2
  1  0  0  7  4
       16.7962354569  -0.0217345796   0.0000000000   0.0000000000   0.0000000000
        8.0784265748  -0.0637981790   0.0000000000   0.0000000000   0.0000000000
        3.2397448253  -0.1438730374   0.0000000000   0.0000000000   0.0000000000
        1.3463173459  -0.2567923947   0.0000000000   0.0000000000   0.0000000000
        0.5669193043  -0.3407783682   1.0000000000   0.0000000000   0.0000000000
        0.2404041556  -0.2752209877   0.0000000000   1.0000000000   0.0000000000
        0.0990547078  -0.0742573863   0.0000000000   0.0000000000   1.0000000000
  2  1  1  3  3
        5.9940000000   1.0000000000   0.0000000000   0.0000000000
        1.7450000000   0.0000000000   1.0000000000   0.0000000000
        0.5600000000   0.0000000000   0.0000000000   1.0000000000
#
#BASIS SET
Li QZV3P-GTH
  2
  1  0  1  7  5  4
       11.2399728913   0.0546031957   0.0121121394   0.0000000000   0.0000000000   0.0000000000   0.0000000000   0.0000000000   0.0000000000   0.0000000000
        5.9010009273   0.2707752256   0.0442943986   0.0000000000   0.0000000000   0.0000000000   0.0000000000   0.0000000000   0.0000000000   0.0000000000
        2.1128841305   0.3250518116   0.0864603159   0.0000000000   0.0000000000   0.0000000000   0.0000000000   0.0000000000   0.0000000000   0.0000000000
        0.9242200694   0.3360526690   0.0982556510   0.0000000000   0.0000000000   0.0000000000   1.0000000000   0.0000000000   0.0000000000   0.0000000000
        0.3843405136   0.1477938090   0.0724371635   1.0000000000   0.0000000000   0.0000000000   0.0000000000   1.0000000000   0.0000000000   0.0000000000
        0.0745791133   0.0049656060  -0.5608077915   0.0000000000   1.0000000000   0.0000000000   0.0000000000   0.0000000000   1.0000000000   0.0000000000
        0.0266127545  -0.0013302258  -0.5385875662   0.0000000000   0.0000000000   1.0000000000   0.0000000000   0.0000000000   0.0000000000   1.0000000000
  3  2  2  3  3
        0.3440000000   1.0000000000   0.0000000000   0.0000000000
        0.1530000000   0.0000000000   1.0000000000   0.0000000000
        0.0680000000   0.0000000000   0.0000000000   1.0000000000
#
#BASIS SET
Be QZV3P-GTH
  2
  1  0  1  7  5  4
       16.8878782250  -0.0871781047  -0.0213560020   0.0000000000   0.0000000000   0.0000000000   0.0000000000   0.0000000000   0.0000000000   0.0000000000
        8.7399964830  -0.3154557784  -0.0594803584   0.0000000000   0.0000000000   0.0000000000   0.0000000000   0.0000000000   0.0000000000   0.0000000000
        2.9043390390  -0.4227762231  -0.1487687019   0.0000000000   0.0000000000   0.0000000000   0.0000000000   0.0000000000   0.0000000000   0.0000000000
        1.0791842760  -0.2848246813  -0.1164217493   0.0000000000   0.0000000000   0.0000000000   1.0000000000   0.0000000000   0.0000000000   0.0000000000
        0.2337917550  -0.0252413708   0.2786030195   1.0000000000   0.0000000000   0.0000000000   0.0000000000   1.0000000000   0.0000000000   0.0000000000
        0.1037025890   0.0110215162   0.5642008017   0.0000000000   1.0000000000   0.0000000000   0.0000000000   0.0000000000   1.0000000000   0.0000000000
        0.0421510390  -0.0028677576   0.2754009863   0.0000000000   0.0000000000   1.0000000000   0.0000000000   0.0000000000   0.0000000000   1.0000000000
  3  2  2  3  3
        1.0720000000   1.0000000000   0.0000000000   0.0000000000
        0.4410000000   0.0000000000   1.0000000000   0.0000000000
        0.1811000000   0.0000000000   0.0000000000   1.0000000000
#
#BASIS SET
B QZV3P-GTH
  2
  2  0  1  6  4  4
        4.1102306804  -0.0620335875   0.0000000000   0.0000000000   0.0000000000   0.0278217612   0.0000000000   0.0000000000   0.0000000000
        1.7172984348  -0.1274529700   0.0000000000   0.0000000000   0.0000000000   0.1085525628   0.0000000000   0.0000000000   0.0000000000
        0.6589800479   0.1200448703   0.0000000000   0.0000000000   0.0000000000   0.2367567166   0.0000000000   0.0000000000   0.0000000000
        0.2700358860   0.5129734657   1.0000000000   0.0000000000   0.0000000000   0.3599759140   1.0000000000   0.0000000000   0.0000000000
        0.1081818865   0.4555842541   0.0000000000   1.0000000000   0.0000000000   0.3683676413   0.0000000000   1.0000000000   0.0000000000
        0.0406426579   0.0612204758   0.0000000000   0.0000000000   1.0000000000   0.1513382480   0.0000000000   0.0000000000   1.0000000000
  3  2  2  3  3
        1.1100000000   1.0000000000   0.0000000000   0.0000000000
        0.4020000000   0.0000000000   1.0000000000   0.0000000000
        0.1450000000   0.0000000000   0.0000000000   1.0000000000
#
#BASIS SET
C QZV3P-GTH
  2
  2  0  1  6  4  4
        6.2117903778  -0.0646967401   0.0000000000   0.0000000000   0.0000000000   0.0325569458   0.0000000000   0.0000000000   0.0000000000
        2.6063423906  -0.1297753357   0.0000000000   0.0000000000   0.0000000000   0.1202876489   0.0000000000   0.0000000000   0.0000000000
        1.0110258071   0.1365330322   0.0000000000   0.0000000000   0.0000000000   0.2556810166   0.0000000000   0.0000000000   0.0000000000
        0.4099767831   0.5183875877   1.0000000000   0.0000000000   0.0000000000   0.3643736556   1.0000000000   0.0000000000   0.0000000000
        0.1615409293   0.4426674841   0.0000000000   1.0000000000   0.0000000000   0.3489621232   0.0000000000   1.0000000000   0.0000000000
        0.0597349919   0.0598757918   0.0000000000   0.0000000000   1.0000000000   0.1399973180   0.0000000000   0.0000000000   1.0000000000
  3  2  2  3  3
        1.8480000000   1.0000000000   0.0000000000   0.0000000000
        0.6490000000   0.0000000000   1.0000000000   0.0000000000
        0.2280000000   0.0000000000   0.0000000000   1.0000000000
#
#BASIS SET
N QZV3P-GTH
  2
  2  0  1  6  4  4
        8.8030997240  -0.0653598725   0.0000000000   0.0000000000   0.0000000000   0.0363703004   0.0000000000   0.0000000000   0.0000000000
        3.6785202400  -0.1318019698   0.0000000000   0.0000000000   0.0000000000   0.1277243136   0.0000000000   0.0000000000   0.0000000000
        1.4352947631   0.1465239013   0.0000000000   0.0000000000   0.0000000000   0.2667499496   0.0000000000   0.0000000000   0.0000000000
        0.5774326402   0.5201300002   1.0000000000   0.0000000000   0.0000000000   0.3658846849   1.0000000000   0.0000000000   0.0000000000
        0.2247320708   0.4360365020   0.0000000000   1.0000000000   0.0000000000   0.3370061673   0.0000000000   1.0000000000   0.0000000000
        0.0818920852   0.0597929754   0.0000000000   0.0000000000   1.0000000000   0.1349212947   0.0000000000   0.0000000000   1.0000000000
  3  2  2  3  3
        2.8370000000   1.0000000000   0.0000000000   0.0000000000
        0.9680000000   0.0000000000   1.0000000000   0.0000000000
        0.3350000000   0.0000000000   0.0000000000   1.0000000000
#
#BASIS SET
O QZV3P-GTH
  2
  2  0  1  6  4  4
       11.8298677444  -0.0658681959   0.0000000000   0.0000000000   0.0000000000   0.0389990698   0.0000000000   0.0000000000   0.0000000000
        4.9326307395  -0.1327117781   0.0000000000   0.0000000000   0.0000000000   0.1329824319   0.0000000000   0.0000000000   0.0000000000
        1.9312997298   0.1529660213   0.0000000000   0.0000000000   0.0000000000   0.2737974007   0.0000000000   0.0000000000   0.0000000000
        0.7724003899   0.5206439978   1.0000000000   0.0000000000   0.0000000000   0.3663338041   1.0000000000   0.0000000000   0.0000000000
        0.2976334392   0.4322622254   0.0000000000   1.0000000000   0.0000000000   0.3292638764   0.0000000000   1.0000000000   0.0000000000
        0.1070061063   0.0599977177   0.0000000000   0.0000000000   1.0000000000   0.1324571183   0.0000000000   0.0000000000   1.0000000000
  3  2  2  3  3
        3.7750000000   1.0000000000   0.0000000000   0.0000000000
        1.3000000000   0.0000000000   1.0000000000   0.0000000000
        0.4440000000   0.0000000000   0.0000000000   1.0000000000
#
#BASIS SET
F QZV3P-GTH
  2
  2  0  1  6  4  4
       15.1623003547  -0.0676084899   0.0000000000   0.0000000000   0.0000000000   0.0407647530   0.0000000000   0.0000000000   0.0000000000
        6.3418425141  -0.1317375108   0.0000000000   0.0000000000   0.0000000000   0.1374408584   0.0000000000   0.0000000000   0.0000000000
        2.4900230297   0.1587177173   0.0000000000   0.0000000000   0.0000000000   0.2789708771   0.0000000000   0.0000000000   0.0000000000
        0.9919240308   0.5210056191   1.0000000000   0.0000000000   0.0000000000   0.3662011969   1.0000000000   0.0000000000   0.0000000000
        0.3793151196   0.4286790556   0.0000000000   1.0000000000   0.0000000000   0.3234540792   0.0000000000   1.0000000000   0.0000000000
        0.1348132586   0.0598520782   0.0000000000   0.0000000000   1.0000000000   0.1307942509   0.0000000000   0.0000000000   1.0000000000
  3  2  2  3  3
        5.0140000000   1.0000000000   0.0000000000   0.0000000000
        1.7250000000   0.0000000000   1.0000000000   0.0000000000
        0.5860000000   0.0000000000   0.0000000000   1.0000000000
#
#BASIS SET
Ne QZV3P-GTH
  2
  2  0  1  6  4  4
       19.5499411153  -0.0632766758   0.0000000000   0.0000000000   0.0000000000   0.0422167837   0.0000000000   0.0000000000   0.0000000000
        8.0769601838  -0.1370919085   0.0000000000   0.0000000000   0.0000000000   0.1383304483   0.0000000000   0.0000000000   0.0000000000
        3.1678758504   0.1578325934   0.0000000000   0.0000000000   0.0000000000   0.2813677061   0.0000000000   0.0000000000   0.0000000000
        1.2535625634   0.5200705489   1.0000000000   0.0000000000   0.0000000000   0.3669217463   1.0000000000   0.0000000000   0.0000000000
        0.4749693396   0.4313985613   0.0000000000   1.0000000000   0.0000000000   0.3213403173   0.0000000000   1.0000000000   0.0000000000
        0.1666682167   0.0613040256   0.0000000000   0.0000000000   1.0000000000   0.1317714527   0.0000000000   0.0000000000   1.0000000000
  3  2  2  3  3
        6.4710000000   1.0000000000   0.0000000000   0.0000000000
        2.2130000000   0.0000000000   1.0000000000   0.0000000000
        0.7470000000   0.0000000000   0.0000000000   1.0000000000
#
#BASIS SET
Na QZV3P-GTH
  2
  2  0  1  8  5  4
       19.7241294087   0.0964646065   0.0186968769   0.0000000000   0.0000000000   0.0000000000  -0.0533754431   0.0000000000   0.0000000000   0.0000000000
        9.3287912748   0.1166761476   0.0236192089   0.0000000000   0.0000000000   0.0000000000  -0.1400719948   0.0000000000   0.0000000000   0.0000000000
        4.1199901709  -0.1393562188  -0.0290484898   0.0000000000   0.0000000000   0.0000000000  -0.2641114390   0.0000000000   0.0000000000   0.0000000000
        1.7720338111  -0.4584822127  -0.1108583114   0.0000000000   0.0000000000   0.0000000000  -0.3519032892   0.0000000000   0.0000000000   0.0000000000
        0.7498415377  -0.4636596929  -0.1735322668   0.0000000000   0.0000000000   0.0000000000  -0.3064604543   0.0000000000   0.0000000000   0.0000000000
        0.2996060606  -0.1092610807  -0.0565756124   1.0000000000   0.0000000000   0.0000000000  -0.1309377611   1.0000000000   0.0000000000   0.0000000000
        0.0698044897   0.0012749633   0.5743314061   0.0000000000   1.0000000000   0.0000000000  -0.0074120120   0.0000000000   1.0000000000   0.0000000000
        0.0255058383  -0.0006119521   0.5364207511   0.0000000000   0.0000000000   1.0000000000   0.0017424530   0.0000000000   0.0000000000   1.0000000000
  3  2  2  3  3
        0.1538000000   1.0000000000   0.0000000000   0.0000000000
        0.0865000000   0.0000000000   1.0000000000   0.0000000000
        0.0487000000   0.0000000000   0.0000000000   1.0000000000
#
#BASIS SET
Mg QZV3P-GTH
  2
  2  0  1  8  5  4
       38.2989934401   0.0104376055   0.0024542703   0.0000000000   0.0000000000   0.0000000000  -0.0169307005   0.0000000000   0.0000000000   0.0000000000
       18.2352594129   0.1600713964   0.0383890090   0.0000000000   0.0000000000   0.0000000000  -0.0880606004   0.0000000000   0.0000000000   0.0000000000
        7.8322039250   0.0236151231   0.0063757667   0.0000000000   0.0000000000   0.0000000000  -0.2233078530   0.0000000000   0.0000000000   0.0000000000
        3.2096669080  -0.3496886711  -0.0967311125   0.0000000000   0.0000000000   0.0000000000  -0.3590124156   0.0000000000   0.0000000000   0.0000000000
        1.3215191150  -0.5744578292  -0.2302830710   0.0000000000   0.0000000000   0.0000000000  -0.3636484834   0.0000000000   0.0000000000   0.0000000000
        0.5219034472  -0.2167187848  -0.1302378952   1.0000000000   0.0000000000   0.0000000000  -0.1772276014   1.0000000000   0.0000000000   0.0000000000
        0.1263242017  -0.0012887617   0.5892536861   0.0000000000   1.0000000000   0.0000000000  -0.0121989604   0.0000000000   1.0000000000   0.0000000000
        0.0449896165  -0.0003669674   0.5569471332   0.0000000000   0.0000000000   1.0000000000   0.0026934953   0.0000000000   0.0000000000   1.0000000000
  3  2  2  3  3
        0.3570000000   1.0000000000   0.0000000000   0.0000000000
        0.1944000000   0.0000000000   1.0000000000   0.0000000000
        0.1060000000   0.0000000000   0.0000000000   1.0000000000
#
#BASIS SET
Al QZV3P-GTH
  2
  3  0  1  6  4  4
        3.0705249839   0.0027352701   0.0000000000   0.0000000000   0.0000000000   0.0044124453   0.0000000000   0.0000000000   0.0000000000
        0.9962478983  -0.2668117634   0.0000000000   0.0000000000   0.0000000000  -0.0401883011   0.0000000000   0.0000000000   0.0000000000
        0.4094779636   0.0618740192   0.0000000000   0.0000000000   0.0000000000   0.1289865679   0.0000000000   0.0000000000   0.0000000000
        0.1732890531   0.5987573069   1.0000000000   0.0000000000   0.0000000000   0.3723262575   1.0000000000   0.0000000000   0.0000000000
        0.0723986239   0.4707960559   0.0000000000   1.0000000000   0.0000000000   0.4626980717   0.0000000000   1.0000000000   0.0000000000
        0.0282432465   0.0425944411   0.0000000000   0.0000000000   1.0000000000   0.2032552207   0.0000000000   0.0000000000   1.0000000000
  3  2  2  3  3
        0.4940000000   1.0000000000   0.0000000000   0.0000000000
        0.1990000000   0.0000000000   1.0000000000   0.0000000000
        0.0804000000   0.0000000000   0.0000000000   1.0000000000
#
#BASIS SET
Si QZV3P-GTH
  2
  3  0  1  6  4  4
        3.0914606934   0.0124908161   0.0000000000   0.0000000000   0.0000000000  -0.0027532026   0.0000000000   0.0000000000   0.0000000000
        1.3362310368  -0.2927569134   0.0000000000   0.0000000000   0.0000000000  -0.0422856821   0.0000000000   0.0000000000   0.0000000000
        0.5649726509   0.0456455175   0.0000000000   0.0000000000   0.0000000000   0.1468609670   0.0000000000   0.0000000000   0.0000000000
        0.2466543506   0.6102734005   1.0000000000   0.0000000000   0.0000000000   0.3930678123   1.0000000000   0.0000000000   0.0000000000
        0.1028862952   0.4799377663   0.0000000000   1.0000000000   0.0000000000   0.4491746304   0.0000000000   1.0000000000   0.0000000000
        0.0403147900   0.0462217432   0.0000000000   0.0000000000   1.0000000000   0.1794865096   0.0000000000   0.0000000000   1.0000000000
  3  2  2  3  3
        0.7600000000   1.0000000000   0.0000000000   0.0000000000
        0.3020000000   0.0000000000   1.0000000000   0.0000000000
        0.1200000000   0.0000000000   0.0000000000   1.0000000000
#
#BASIS SET
P QZV3P-GTH
  2
  3  0  1  6  4  4
        3.7552135262   0.0219221916   0.0000000000   0.0000000000   0.0000000000  -0.0089770006   0.0000000000   0.0000000000   0.0000000000
        1.7140316717  -0.3135634867   0.0000000000   0.0000000000   0.0000000000  -0.0448447247   0.0000000000   0.0000000000   0.0000000000
        0.7438335270   0.0341312768   0.0000000000   0.0000000000   0.0000000000   0.1612574940   0.0000000000   0.0000000000   0.0000000000
        0.3280082762   0.6173246158   1.0000000000   0.0000000000   0.0000000000   0.4083320223   1.0000000000   0.0000000000   0.0000000000
        0.1366188473   0.4868790477   0.0000000000   1.0000000000   0.0000000000   0.4366765007   0.0000000000   1.0000000000   0.0000000000
        0.0534696687   0.0500106401   0.0000000000   0.0000000000   1.0000000000   0.1655268470   0.0000000000   0.0000000000   1.0000000000
  3  2  2  3  3
        1.0360000000   1.0000000000   0.0000000000   0.0000000000
        0.4130000000   0.0000000000   1.0000000000   0.0000000000
        0.1650000000   0.0000000000   0.0000000000   1.0000000000
#
#BASIS SET
S QZV3P-GTH
  2
  3  0  1  6  4  4
        4.2573596528   0.0340198790   0.0000000000   0.0000000000   0.0000000000  -0.0139384068   0.0000000000   0.0000000000   0.0000000000
        2.1309107097  -0.3349229077   0.0000000000   0.0000000000   0.0000000000  -0.0449848970   0.0000000000   0.0000000000   0.0000000000
        0.9293415064   0.0316794871   0.0000000000   0.0000000000   0.0000000000   0.1762303153   0.0000000000   0.0000000000   0.0000000000
        0.4136351121   0.6234596988   1.0000000000   0.0000000000   0.0000000000   0.4188613693   1.0000000000   0.0000000000   0.0000000000
        0.1723749938   0.4869763921   0.0000000000   1.0000000000   0.0000000000   0.4242144008   0.0000000000   1.0000000000   0.0000000000
        0.0673747361   0.0524674807   0.0000000000   0.0000000000   1.0000000000   0.1544985250   0.0000000000   0.0000000000   1.0000000000
  3  2  2  3  3
        1.2500000000   1.0000000000   0.0000000000   0.0000000000
        0.5040000000   0.0000000000   1.0000000000   0.0000000000
        0.2030000000   0.0000000000   0.0000000000   1.0000000000
#
#BASIS SET
Cl QZV3P-GTH
  2
  3  0  1  6  4  4
        4.7390692540   0.0460145547   0.0000000000   0.0000000000   0.0000000000  -0.0184287984   0.0000000000   0.0000000000   0.0000000000
        2.5664506160  -0.3573237652   0.0000000000   0.0000000000   0.0000000000  -0.0428888823   0.0000000000   0.0000000000   0.0000000000
        1.1168239570   0.0404814650   0.0000000000   0.0000000000   0.0000000000   0.1933392026   0.0000000000   0.0000000000   0.0000000000
        0.5007318360   0.6290842339   1.0000000000   0.0000000000   0.0000000000   0.4262968544   1.0000000000   0.0000000000   0.0000000000
        0.2092217935   0.4804996350   0.0000000000   1.0000000000   0.0000000000   0.4107393400   0.0000000000   1.0000000000   0.0000000000
        0.0818080455   0.0532567628   0.0000000000   0.0000000000   1.0000000000   0.1444014999   0.0000000000   0.0000000000   1.0000000000
  3  2  2  3  3
        1.5510000000   1.0000000000   0.0000000000   0.0000000000
        0.6280000000   0.0000000000   1.0000000000   0.0000000000
        0.2540000000   0.0000000000   0.0000000000   1.0000000000
#
#BASIS SET
Ar QZV3P-GTH
  2
  3  0  1  6  4  4
        5.2342384840   0.0594091942   0.0000000000   0.0000000000   0.0000000000  -0.0218235164   0.0000000000   0.0000000000   0.0000000000
        3.0293732626  -0.3808584814   0.0000000000   0.0000000000   0.0000000000  -0.0397609427   0.0000000000   0.0000000000   0.0000000000
        1.3121914980   0.0527214554   0.0000000000   0.0000000000   0.0000000000   0.2096390562   0.0000000000   0.0000000000   0.0000000000
        0.5914580696   0.6333744672   1.0000000000   0.0000000000   0.0000000000   0.4311838680   1.0000000000   0.0000000000   0.0000000000
        0.2478147218   0.4727819382   0.0000000000   1.0000000000   0.0000000000   0.3981434659   0.0000000000   1.0000000000   0.0000000000
        0.0969644987   0.0535029998   0.0000000000   0.0000000000   1.0000000000   0.1359825259   0.0000000000   0.0000000000   1.0000000000
  3  2  2  3  3
        1.8730000000   1.0000000000   0.0000000000   0.0000000000
        0.7630000000   0.0000000000   1.0000000000   0.0000000000
        0.3110000000   0.0000000000   0.0000000000   1.0000000000
#
END
