#BASIS SET
 Rh DZVP-MOLOPT-SR-GTH-q9
 1
 2 0 3 6 2 2 2 1
      3.902721449032  0.016652865171 -0.068138878878 -0.008699428728 -0.059391469214 -0.112417659954 -0.059777116284 -0.003558664914
      1.999830271997 -0.133395648426 -0.004871048934  0.046572987907  0.041960437254  0.348017742874  0.202056639971 -0.044875919808
      0.879887627395  0.373099930807  0.649713932179 -0.153463590375  0.518188755943  0.381775351795  0.110186767731  0.283349273890
      0.363794442257  0.298777744612 -0.021734587290 -0.052550610965 -0.216591015187  0.335875585916  0.064547743479  1.043919000870
      0.140096726529 -0.924610879301 -1.860437433134  0.949493319446 -0.898213733147  0.146687236468 -0.989654088355 -0.791074751670
      0.042562039477 -0.455102584336  1.740659313641  0.423881871378  1.173029461392  0.013082339937 -0.289820583737 -0.082082714309
END
