#BASIS SET
H aug-TZV2P-GTH
  4
  1  0  0  5  3
       10.8827241585  -0.0167058885   0.0000000000   0.0000000000
        3.0968750876  -0.0627538300   0.0000000000   0.0000000000
        0.9874518162  -0.1917521975   0.0000000000   0.0000000000
        0.3450687533  -0.4173635232   1.0000000000   0.0000000000
        0.1492693554  -0.4270508887   0.0000000000   1.0000000000
  2  1  1  2  2
        1.4070000000   1.0000000000   0.0000000000
        0.3880000000   0.0000000000   1.0000000000
  4  0  0  1  1
        0.0252600000   1.0000000000
  4  1  1  1  1
        0.1020000000   1.0000000000
#
#BASIS SET
C aug-TZV2P-GTH
  4
  2  0  1  5  3  3
        5.3685662937   0.0974901974   0.0000000000   0.0000000000  -0.0510969367   0.0000000000   0.0000000000
        1.9830691554   0.1041996677   0.0000000000   0.0000000000  -0.1693035193   0.0000000000   0.0000000000
        0.6978346167  -0.3645093878   0.0000000000   0.0000000000  -0.3579933930   0.0000000000   0.0000000000
        0.2430968816  -0.6336931464   1.0000000000   0.0000000000  -0.4327616531   1.0000000000   0.0000000000
        0.0812865018  -0.1676727564   0.0000000000   1.0000000000  -0.2457672757   0.0000000000   1.0000000000
  3  2  2  2  2
        1.0970000000   1.0000000000   0.0000000000
        0.3180000000   0.0000000000   1.0000000000
  2  0  0  1  1
        0.04402000     1.0000000000
  2  1  1  1  1
        0.03569000     1.0000000000
#
#BASIS SET
N aug-TZV2P-GTH
  4
  2  0  1  5  3  3
        7.6227447102   0.0983924689   0.0000000000   0.0000000000  -0.0561654555   0.0000000000   0.0000000000
        2.7970605447   0.1045217098   0.0000000000   0.0000000000  -0.1798165209   0.0000000000   0.0000000000
        0.9909765447  -0.3742661352   0.0000000000   0.0000000000  -0.3653986185   0.0000000000   0.0000000000
        0.3417314862  -0.6278094034   1.0000000000   0.0000000000  -0.4259126207   1.0000000000   0.0000000000
        0.1116822743  -0.1675236192   0.0000000000   1.0000000000  -0.2366040346   0.0000000000   1.0000000000
  3  2  2  2  2
        1.6540000000   1.0000000000   0.0000000000
        0.4690000000   0.0000000000   1.0000000000
  2  0  0  1  1
        0.05760000     1.0000000000
  2  1  1  1  1
        0.04910000     1.0000000000
#
#BASIS SET
O aug-TZV2P-GTH
  4
  2  0  1  5  3  3
       10.2674419938   0.0989598460   0.0000000000   0.0000000000  -0.0595856940   0.0000000000   0.0000000000   0.0000000000
        3.7480495696   0.1041178339   0.0000000000   0.0000000000  -0.1875649045   0.0000000000   0.0000000000   0.0000000000
        1.3308337704  -0.3808255700   0.0000000000   0.0000000000  -0.3700707718   0.0000000000   0.0000000000   0.0000000000
        0.4556802254  -0.6232449802   1.0000000000   0.0000000000  -0.4204922615   1.0000000000   0.0000000000   0.0000000000
        0.1462920596  -0.1677863491   0.0000000000   1.0000000000  -0.2313901687   0.0000000000   1.0000000000   0.0000000000
  3  2  2  2  2
        2.3140000000   1.0000000000   0.0000000000
        0.6450000000   0.0000000000   1.0000000000
  5  0  0  1  1
        0.0737600000   1.0000000000
  5  1  1  1  1
        0.0597400000   1.0000000000
#
#BASIS SET
F aug-TZV2P-GTH
  4
  2  0  1  5  3  3
       13.1625129789   0.1014784435   0.0000000000   0.0000000000  -0.0624161251   0.0000000000   0.0000000000
        4.7972015127   0.1001604122   0.0000000000   0.0000000000  -0.1948710850   0.0000000000   0.0000000000
        1.7049975196  -0.3881644200   0.0000000000   0.0000000000  -0.3737338926   0.0000000000   0.0000000000
        0.5814471097  -0.6179394476   1.0000000000   0.0000000000  -0.4151939502   1.0000000000   0.0000000000
        0.1842582220  -0.1660215122   0.0000000000   1.0000000000  -0.2267411587   0.0000000000   1.0000000000
  3  2  2  2  2
        3.1070000000   1.0000000000   0.0000000000
        0.8550000000   0.0000000000   1.0000000000
  2  0  0  1  1
        0.09158000     1.0000000000
  2  1  1  1  1
        0.07361000     1.0000000000
#
#BASIS SET
Si aug-TZV2P-GTH
  4
  3  0  1  5  3  3
        1.2331731434   0.3150424674   0.0000000000   0.0000000000   0.0667574395   0.0000000000   0.0000000000
        0.6579957180  -0.0732928041   0.0000000000   0.0000000000  -0.1473516106   0.0000000000   0.0000000000
        0.2547041526  -0.5862322199   0.0000000000   0.0000000000  -0.4034178654   0.0000000000   0.0000000000
        0.1060089904  -0.5051712664   1.0000000000   0.0000000000  -0.4457008802   1.0000000000   0.0000000000
        0.0418790646  -0.0507253610   0.0000000000   1.0000000000  -0.1941498294   0.0000000000   1.0000000000
  3  2  2  2  2
        0.4810000000   1.0000000000   0.0000000000
        0.1590000000   0.0000000000   1.0000000000
  3  0  0  1  1
        0.03300000     1.0000000000
  3  1  1  1  1
        0.02370000     1.0000000000
#
#BASIS SET
P aug-TZV2P-GTH
  4
  3  0  1  5  3  3
        2.1996341190  -0.0704921557   0.0000000000   0.0000000000   0.0621639873   0.0000000000   0.0000000000
        1.6369289280   0.3969825114   0.0000000000   0.0000000000  -0.0400911635   0.0000000000   0.0000000000
        0.4970575820  -0.3512429748   0.0000000000   0.0000000000  -0.3338049853   0.0000000000   0.0000000000
        0.1944032900  -0.7297176188   1.0000000000   0.0000000000  -0.5118382938   1.0000000000   0.0000000000
        0.0699106580  -0.1421063788   0.0000000000   1.0000000000  -0.2909693679   0.0000000000   1.0000000000
  3  2  2  2  2
        0.6520000000   1.0000000000   0.0000000000
        0.2160000000   0.0000000000   1.0000000000
  3  0  0  1  1
        0.04090000     1.0000000000
  3  1  1  1  1
        0.03070000     1.0000000000
#
#BASIS SET
S aug-TZV2P-GTH
  4
  3  0  1  5  3  3
        2.9775941238  -0.0684133054   0.0000000000   0.0000000000   0.0522484808   0.0000000000   0.0000000000
        2.0190866819   0.4095039721   0.0000000000   0.0000000000  -0.0232128642   0.0000000000   0.0000000000
        0.6439412840  -0.3403336830   0.0000000000   0.0000000000  -0.3459753011   0.0000000000   0.0000000000
        0.2501987605  -0.7425154227   1.0000000000   0.0000000000  -0.5141620418   1.0000000000   0.0000000000
        0.0891650206  -0.1520225390   0.0000000000   1.0000000000  -0.2803769713   0.0000000000   1.0000000000
  3  2  2  2  2
        0.8190000000   1.0000000000   0.0000000000
        0.2690000000   0.0000000000   1.0000000000
  3  0  0  1  1
        0.04970000     1.0000000000
  3  1  1  1  1
        0.03510000     1.0000000000
#
#BASIS SET
Cl aug-TZV2P-GTH
  4
  3  0  1  5  3  3
        3.4404677360  -0.0962885076   0.0000000000   0.0000000000   0.0674841325   0.0000000000   0.0000000000
        2.4424740830   0.4481503162   0.0000000000   0.0000000000  -0.0388856129   0.0000000000   0.0000000000
        0.7848604567  -0.3507929510   0.0000000000   0.0000000000  -0.3633699842   0.0000000000   0.0000000000
        0.3048755969  -0.7403677289   1.0000000000   0.0000000000  -0.5101595423   1.0000000000   0.0000000000
        0.1084717366  -0.1528159301   0.0000000000   1.0000000000  -0.2654035575   0.0000000000   1.0000000000
  3  2  2  2  2
        1.0460000000   1.0000000000   0.0000000000
        0.3440000000   0.0000000000   1.0000000000
  3  0  0  1  1
        0.05910000     1.0000000000
  3  1  1  1  1
        0.04190000     1.0000000000
#
END
