H cc-DZVP-GTH
  3
  1  0  0  3  1
        8.3744350009  -0.0283380461 
        1.8058681460  -0.1333810052 
        0.4852528328  -0.3995676063 
  1  0  0  1  1
        0.1658236932   1.0000000000
  2  1  1  1  1
        0.7270000000   1.0000000000
#
H  cc-TZVP-GTH
  6
  1  0  0  3  1
       10.8827241585  -0.0167058885
        3.0968750876  -0.0627538300
        0.9874518162  -0.1917521975
  1  0  0  1  1
        0.3450687533   1.0000000000
  1  0  0  1  1
        0.1492693554   1.0000000000
  2  1  1  1  1
        1.4070000000   1.0000000000
  2  1  1  1  1
        0.3880000000   1.0000000000
  3  2  2  1  1
        1.0570000000   1.0000000000
#
H  cc-QZVP-GTH
  10
  1  0  0  3  1
        12.5350945530   0.0114321687
         4.5491539489   0.0344048283
         1.6685193606   0.1007746979
  1  0  0  1  1
         0.6523849556   1.0000000000
  1  0  0  1  1
         0.2733011244   1.0000000000
  1  0  0  1  1
         0.1390608890   1.0000000000
  2  1  1  1  1
         2.2920000000   1.0000000000
  2  1  1  1  1
         0.8380000000   1.0000000000
  2  1  1  1  1
         0.2920000000   1.0000000000
  3  2  2  1  1
         2.0620000000   1.0000000000
  3  2  2  1  1
         0.6620000000   1.0000000000
  4  3  3  1  1
         1.3970000000   1.0000000000
#
Li cc-DZVP-GTH
  4
  9  0  1  3  1  1
        7.2610457926  -0.2798628497   0.0501840556
        2.1056580837  -0.4477420790   0.1084202571
        0.6439906571  -0.3912929157   0.1448363201
  9  0  0  1  1
        0.1416898954   1.0000000000
  9  1  1  1  1
        0.2623029625   1.0000000000
  9  2  2  1  1
        0.7792082000   1.0000000000
#
Li cc-TZVP-GTH
  7
  9  0  1  3  1  1
        9.0670525492 -0.1411283591 0.0257097367
        4.3499909489 -0.2767569948 0.0520569091
        1.4348215636 -0.4501634495 0.1264219750
  9  0  1  1  1  1
        0.4970537951 1.0000000000 1.0000000000
  9  0  0  1  1
        0.1416898954 1.0000000000
  9  1  1  1  1
        0.2623029625 1.0000000000
  9  2  2  1  1
        0.7792082000 1.0000000000
  9  2  2  1  1
        0.4078992522 1.0000000000
  9  3  3  1  1
        0.7370630000 1.0000000000
#
Li cc-QZVP-GTH
  13
  9  0  1  4  1  1
     11.2399728913 0.0546031957 0.0121121394
     5.9010009273 0.2707752256 0.0442943986
     2.1128841305 0.3250518116 0.0864603159
     0.9242200694 0.3360526690 0.0982556510
  9  0  0  1  1
     0.7002587427 1.0000000000
  9  0  0  1  1
     0.2995868148 1.0000000000
  9  0  0  1  1
     0.1663628762 1.0000000000
  9  1  1  1  1
     0.7487586392 1.0000000000
  9  1  1  1  1
     0.3861408828 1.0000000000
  9  1  1  1  1
     0.2262050319 1.0000000000
  9  2  2  1  1
     0.7792082000 1.0000000000
  9  2  2  1  1
     0.4078992522 1.0000000000
  9  2  2  1  1
     0.2135267570 1.0000000000
  9  3  3  1  1
     0.7370630000 1.0000000000
  9  3  3  1  1
     0.3871078840 1.0000000000
  9  4  4  1  1
     0.7130934715 1.0000000000
#
C cc-DZVP-GTH
  3
  2  0  1  3  1  1
        4.3362376436   0.1490797872  -0.0878123619
        1.2881838513  -0.0292640031  -0.2775560300
        0.4037767149  -0.6882040510  -0.4712295093
  2  0  1  1  1  1
        0.1187877657   1.0000000000   1.0000000000
  3  2  2  1  1
        0.5500000000   1.0000000000
#
C  cc-TZVP-GTH
  6
  2  0  1  3  1  1
        5.3685662937   0.0974901974  -0.0510969367
        1.9830691554   0.1041996677  -0.1693035193
        0.6978346167  -0.3645093878  -0.3579933930
  2  0  1  1  1  1
        0.2430968816   1.0000000000   1.0000000000
  2  0  1  1  1  1
        0.0812865018   1.0000000000   1.0000000000
  3  2  2  1  1
        1.0970000000   1.0000000000
  3  2  2  1  1
        0.3180000000   1.0000000000
  4  3  3  1  1
        0.7610000000   1.0000000000
#
C  cc-QZVP-GTH
  10
  2  0  1  3  1  1
        6.2117903778  -0.0646967401   0.0325569458
        2.6063423906  -0.1297753357   0.1202876489
        1.0110258071   0.1365330322   0.2556810166
  2  0  1  1  1  1
        0.4099767831   1.0000000000  1.0000000000
  2  0  1  1  1  1
        0.1615409293   1.0000000000  1.0000000000
  2  0  1  1  1  1
        0.0597349919   1.0000000000  1.0000000000
  3  2  2  1  1
        1.8480000000   1.0000000000
  3  2  2  1  1
        0.6490000000   1.0000000000
  3  2  2  1  1
        0.2280000000   1.0000000000
  4  3  3  1  1
        1.4190000000   1.0000000000
  4  3  3  1  1
        0.4850000000   1.0000000000
  5  4  4  1  1
        1.0110000000   1.0000000000
#
N cc-DZVP-GTH
  3
  2  0  1  3  1  1
        6.1526903413   0.1506300537  -0.0950603476
        1.8236332280  -0.0360100734  -0.2918864295
        0.5676628870  -0.6942023212  -0.4739050050
  2  0  1  1  1  1
        0.1628222852   1.0000000000   1.0000000000
  3  2  2  1  1
        0.8170000000   1.0000000000
#
N cc-TZVP-GTH
  6
  2  0  1  3  1  1
        7.6227447102   0.0983924689  -0.0561654555
        2.7970605447   0.1045217098  -0.1798165209
        0.9909765447  -0.3742661352  -0.3653986185
  2  0  1  1  1  1
        0.3417314862   1.0000000000   1.0000000000
  2  0  1  1  1  1
        0.1116822743   1.0000000000   1.0000000000
  3  2  2  1  1
        1.6540000000   1.0000000000
  3  2  2  1  1
        0.4690000000   1.0000000000
  4  3  3  1  1
        1.0930000000   1.0000000000
#
N  cc-QZVP-GTH
  10
  2  0  1  3  1  1
        8.8030997240  -0.0653598725   0.0363703004
        3.6785202400  -0.1318019698   0.1277243136
        1.4352947631   0.1465239013   0.2667499496
  2  0  1  1  1  1
        0.5774326402   1.0000000000   1.0000000000
  2  0  1  1  1  1
        0.2247320708   1.0000000000   1.0000000000
  2  0  1  1  1  1
        0.0818920852   1.0000000000   1.0000000000
  3  2  2  1  1
        2.8370000000   1.0000000000
  3  2  2  1  1
        0.9680000000   1.0000000000
  3  2  2  1  1
        0.3350000000   1.0000000000
  4  3  3  1  1
        2.0270000000   1.0000000000
  4  3  3  1  1
        0.6850000000   1.0000000000
  5  4  4  1  1
        1.427000000    1.0000000000
#
O cc-DZVP-GTH
  3
  2  0  1  3  1  1
        8.3043855492   0.1510165999   -0.0995679273  
        2.4579484191  -0.0393195364   -0.3011422449 
        0.7597373434  -0.6971724029   -0.4750857083 
  2  0  1  1  1  1
        0.2136388632   1.0000000000    1.0000000000
  3  2  2  1  1
        1.1850000000   1.0000000000
#
O  cc-TZVP-GTH
  6
  2  0  1  3  1  1
       10.2674419938   0.0989598460  -0.0595856940
        3.7480495696   0.1041178339  -0.1875649045
        1.3308337704  -0.3808255700  -0.3700707718
  2  0  1  1  1  1
        0.4556802254   1.0000000000   1.0000000000
  2  0  1  1  1  1
        0.1462920596   1.0000000000   1.0000000000
  3  2  2  1  1
        2.3140000000   1.0000000000
  3  2  2  1  1
        0.6450000000   1.0000000000
  4  3  3  1  1
        1.4280000000   1.0000000000
#
O  cc-QZVP-GTH
  10
  2  0  1  3  1  1
       11.8298677444  -0.0658681959   0.0389990698
        4.9326307395  -0.1327117781   0.1329824319
        1.9312997298   0.1529660213   0.2737974007
  2  0  1  1  1  1
        0.7724003899   1.0000000000  1.0000000000
  2  0  1  1  1  1
        0.2976334392   1.0000000000  1.0000000000
  2  0  1  1  1  1
        0.1070061063   1.0000000000  1.0000000000
  3  2  2  1  1
        3.7750000000   1.0000000000
  3  2  2  1  1
        1.3000000000   1.0000000000
  3  2  2  1  1
        0.4440000000   1.0000000000
  4  3  3  1  1
        2.666000000    1.0000000000
  4  3  3  1  1
        0.859000000    1.0000000000
  5  4  4  1  1
        1.846000000    1.0000000000
#

