  ROHF 0.9->4.0   RCAS(12,8)    UHF 4.0->0.9  UCAS(12,8) 
0.9  -149.33712491  -149.45469297  -149.34898087  -149.47719357
1.0  -149.53625874  -149.67384340  -149.55104143  -149.69283066
1.1  -149.60618419  -149.76547773  -149.62356437  -149.78029222
1.2  -149.60946112  -149.79179147  -149.62899231  -149.80270091
1.3  -149.57981804  -149.78616674  -149.60101595  -149.79107948
1.4  -149.53525312  -149.76622087  -149.55765211  -149.77095242
1.5  -149.48511373  -149.74097282  -149.50829819  -149.74596279
1.6  -149.43419660  -149.71507326  -149.45781281  -149.72055736
1.7  -149.38497147  -149.69109460  -149.40873009  -149.69719454
1.8  -149.33865800  -149.67058215  -149.36233303  -149.67733574
1.9  -149.29577553  -149.65471607  -149.31920085  -149.66183155
2.0  -149.25646126  -149.64347984  -149.27952439  -149.65097920
2.1  -149.22064986  -149.63652705  -149.24328356  -149.64436844
2.2  -149.18816890  -149.63266053  -149.21034183  -149.64090223
2.3  -149.15879266  -149.63060023  -149.18050041  -149.63930345
2.4  -149.13227527  -149.62946462  -149.15353249  -149.63863204
2.5  -149.10837012  -149.62877578  -149.12920424  -149.63836931
2.6  -149.08683966  -149.62830093  -149.10728597  -149.63827060
2.7  -149.06745990  -149.62793093  -149.08755801  -149.63822921
2.8  -149.05002313  -149.62761480  -149.06981430  -149.63820096
2.9  -149.03433972  -149.62732914  -149.05386492  -149.63816923
3.0  -149.20290972  -149.62706418  -149.03953716  -149.63812972
3.1  -149.19669930  -149.62681739  -149.02667492  -149.63808372
3.2  -149.19113437  -149.62658951  -149.01513695  -149.63803467
3.3  -149.18615184  -149.62637552  -149.00479442  -149.63798648
3.4  -149.18169189  -149.62619881  -148.99552884  -149.63794237
3.5  -149.17769860  -149.62603370  -148.98723047  -149.63790444
3.6  -149.17412023  -149.62591474  -148.97979724  -149.63787361
3.7  -149.17090921  -149.62579005  -148.97313419  -149.63784979
3.8  -149.16802208  -149.62569535  -148.96715313  -149.63783222
3.9  -149.16541930  -149.62561951  -148.96177260  -149.63781982
4.0  -149.16306503  -149.62555876  -148.95691786  -149.63781141
