#
# N.J. DeYonker, K.A. Peterson, A.K. Wilson, J. Phys. Chem. A 111, 11383 (2007).
# Core-valence correlation consistent polarized Valence Quintuple- Basis Set for Ga
# Note: these should be added to the all-electron cc-pV5Z basis sets
# BUT the cc-pV5Z p sets should recontracted as (17p)/[10p], i.e., the 8 most
# diffuse exponents uncontracted and the 3rd contracted p function should be omitted
#

#BASIS SET:
Ga s
2.4834 1.00000 0.00000 0.00000 0.00000
6.8692 0.00000 1.00000 0.00000 0.00000
19.0007 0.00000 0.00000 1.00000 0.00000
52.5571 0.00000 0.00000 0.00000 1.00000
Ga d
2.0448 1.00000 0.00000 0.00000 0.00000
3.9796 0.00000 1.00000 0.00000 0.00000
7.7451 0.00000 0.00000 1.00000 0.00000
15.0735 0.00000 0.00000 0.00000 1.00000
Ga f
1.8683 1.00000 0.00000 0.00000 0.00000
4.0851 0.00000 1.00000 0.00000 0.00000
8.9321 0.00000 0.00000 1.00000 0.00000
19.5300 0.00000 0.00000 0.00000 1.00000
Ga g
2.4482 1.00000 0.00000 0.00000
5.3060 0.00000 1.00000 0.00000
11.4998 0.00000 0.00000 1.00000
Ga h
3.8023 1.00000 0.00000
9.2112 0.00000 1.00000
Ga i
7.1741 1.00000
#BASIS SET:
Ge s
2.8366 1.00000 0.00000 0.00000 0.00000
4.9281 0.00000 1.00000 0.00000 0.00000
8.5617 0.00000 0.00000 1.00000 0.00000
14.8744 0.00000 0.00000 0.00000 1.00000
Ge d
2.4295 1.00000 0.00000 0.00000 0.00000
4.6261 0.00000 1.00000 0.00000 0.00000
8.8087 0.00000 0.00000 1.00000 0.00000
16.7729 0.00000 0.00000 0.00000 1.00000
Ge f
2.1182 1.00000 0.00000 0.00000 0.00000
4.5956 0.00000 1.00000 0.00000 0.00000
9.9707 0.00000 0.00000 1.00000 0.00000
21.6325 0.00000 0.00000 0.00000 1.00000
Ge g
2.7848 1.00000 0.00000 0.00000
5.9933 0.00000 1.00000 0.00000
12.8984 0.00000 0.00000 1.00000
Ge h
4.3214 1.00000 0.00000
10.3100 0.00000 1.00000
Ge i
8.0119 1.00000
#BASIS SET:
As s
3.0862 1.00000 0.00000 0.00000 0.00000
8.3157 0.00000 1.00000 0.00000 0.00000
22.4062 0.00000 0.00000 1.00000 0.00000
60.3721 0.00000 0.00000 0.00000 1.00000
As d
2.8243 1.00000 0.00000 0.00000 0.00000
5.2867 0.00000 1.00000 0.00000 0.00000
9.8960 0.00000 0.00000 1.00000 0.00000
18.5238 0.00000 0.00000 0.00000 1.00000
As f
2.3951 1.00000 0.00000 0.00000 0.00000
5.1539 0.00000 1.00000 0.00000 0.00000
11.0903 0.00000 0.00000 1.00000 0.00000
23.8643 0.00000 0.00000 0.00000 1.00000
As g
3.1475 1.00000 0.00000 0.00000
6.7271 0.00000 1.00000 0.00000
14.3779 0.00000 0.00000 1.00000
As h
4.8512 1.00000 0.00000
11.4430 0.00000 1.00000
As i
8.9126 1.00000
#BASIS SET:
Se s
3.4322 1.00000 0.00000 0.00000 0.00000
9.1446 0.00000 1.00000 0.00000 0.00000
24.3641 0.00000 0.00000 1.00000 0.00000
64.9139 0.00000 0.00000 0.00000 1.00000
Se d
3.2165 1.00000 0.00000 0.00000 0.00000
5.9701 0.00000 1.00000 0.00000 0.00000
11.0810 0.00000 0.00000 1.00000 0.00000
20.5674 0.00000 0.00000 0.00000 1.00000
Se f
2.6466 1.00000 0.00000 0.00000 0.00000
5.6789 0.00000 1.00000 0.00000 0.00000
12.1857 0.00000 0.00000 1.00000 0.00000
26.1475 0.00000 0.00000 0.00000 1.00000
Se g
3.4022 1.00000 0.00000 0.00000
7.2944 0.00000 1.00000 0.00000
15.6396 0.00000 0.00000 1.00000
Se h
5.3842 1.00000 0.00000
12.6168 0.00000 1.00000
Se i
9.8641 1.00000
#BASIS SET:
Br s
3.8062 1.00000 0.00000 0.00000 0.00000
10.0342 0.00000 1.00000 0.00000 0.00000
26.4527 0.00000 0.00000 1.00000 0.00000
69.7360 0.00000 0.00000 0.00000 1.00000
Br d
3.6373 1.00000 0.00000 0.00000 0.00000
6.7032 0.00000 1.00000 0.00000 0.00000
12.3533 0.00000 0.00000 1.00000 0.00000
22.7657 0.00000 0.00000 0.00000 1.00000
Br f
2.9931 1.00000 0.00000 0.00000 0.00000
6.3716 0.00000 1.00000 0.00000 0.00000
13.5636 0.00000 0.00000 1.00000 0.00000
28.8735 0.00000 0.00000 0.00000 1.00000
Br g
3.7668 1.00000 0.00000 0.00000
8.0457 0.00000 1.00000 0.00000
17.1853 0.00000 0.00000 1.00000
Br h
5.9504 1.00000 0.00000
13.8398 0.00000 1.00000
Br i
10.8756 1.00000
#BASIS SET:
Kr s
4.5337 1.00000 0.00000 0.00000 0.00000
7.3778 0.00000 1.00000 0.00000 0.00000
12.0063 0.00000 0.00000 1.00000 0.00000
19.5383 0.00000 0.00000 0.00000 1.00000
Kr d
4.1083 1.00000 0.00000 0.00000 0.00000
7.5368 0.00000 1.00000 0.00000 0.00000
13.8266 0.00000 0.00000 1.00000 0.00000
25.3655 0.00000 0.00000 0.00000 1.00000
Kr f
3.3874 1.00000 0.00000 0.00000 0.00000
7.1587 0.00000 1.00000 0.00000 0.00000
15.1287 0.00000 0.00000 1.00000 0.00000
31.9721 0.00000 0.00000 0.00000 1.00000
Kr g
4.1764 1.00000 0.00000 0.00000
8.8809 0.00000 1.00000 0.00000
18.8848 0.00000 0.00000 1.00000
Kr h
6.5233 1.00000 0.00000
15.0851 0.00000 1.00000
Kr i
11.9435 1.00000
END
