#
# K.A. Peterson and C. Puzzarini, Theor. Chem. Acc. 114, 283 (2005)
# Pseudopotential parameters (rel) from D. Figgen, G. Rauhut, M. Dolg, and H. Stoll, Chem. Phys. 311, 227 (2005)
# These can be downloaded from: http://www.theochem.uni-stuttgart.de/pseudopotentials/index.en.html
# Note: the -PP basis sets should be used ONLY with the appropriate Stuttgart/Koeln pseudopotentials
# Note: the -PP-nr basis sets should be used with the Stuttgart/Koeln ECPxxMHF (xx=10, 28, 60) pseudopotentials
# Pseudopotential-based correlation consistent polarized weighted Core Valence Triple- Basis Set for Cu
#

#BASIS SET:
Cu s
1.946350E+03 1.360000E-04 -3.500000E-05 -6.700000E-05 -2.950000E-04 0.000000E+00
2.779450E+02 1.155000E-03 -2.090000E-04 -4.790000E-04 5.680000E-04 0.000000E+00
6.001080E+01 -1.928600E-02 3.299000E-03 7.205000E-03 -1.398600E-02 0.000000E+00
3.751380E+01 7.610900E-02 -1.510300E-02 -3.135600E-02 -1.818300E-02 0.000000E+00
1.096880E+01 -4.182240E-01 9.504700E-02 2.026470E-01 4.468760E-01 0.000000E+00
2.335360E+00 7.045580E-01 -1.920040E-01 -6.275820E-01 -2.307401E+00 0.000000E+00
9.775800E-01 5.004430E-01 -2.513450E-01 -4.896200E-02 2.238437E+00 0.000000E+00
1.858870E-01 2.526400E-02 1.896170E-01 1.610834E+00 5.580660E-01 0.000000E+00
9.485100E-02 -1.039500E-02 5.355490E-01 -3.055780E-01 -2.369557E+00 0.000000E+00
4.036300E-02 3.698000E-03 4.050620E-01 -1.061495E+00 1.544741E+00 1.000000E+00
Cu p
3.950250E+02 1.740000E-04 -4.400000E-05 -1.080000E-04 -3.810000E-04 0.000000E+00
6.478080E+01 3.979000E-03 -7.270000E-04 -1.284000E-03 -1.403000E-03 0.000000E+00
1.783350E+01 -8.274200E-02 1.701700E-02 3.500500E-02 8.102900E-02 0.000000E+00
4.359580E+00 3.302560E-01 -7.768400E-02 -1.825710E-01 -5.982060E-01 0.000000E+00
2.018160E+00 4.949800E-01 -1.208490E-01 -2.409390E-01 -4.162680E-01 0.000000E+00
9.023120E-01 2.766850E-01 -6.313200E-02 1.412400E-02 1.024429E+00 0.000000E+00
3.122900E-01 3.859600E-02 2.270360E-01 5.578350E-01 3.707240E-01 0.000000E+00
1.156800E-01 -5.226000E-03 5.610430E-01 5.059760E-01 -8.321430E-01 0.000000E+00
4.174500E-02 1.816000E-03 3.673490E-01 2.883800E-02 -3.929100E-02 1.000000E+00
Cu d
1.340680E+02 2.967000E-03 -3.679000E-03 4.508000E-03 0.000000E+00
4.224070E+01 2.767200E-02 -3.431200E-02 4.264700E-02 0.000000E+00
1.654670E+01 1.025670E-01 -1.314750E-01 1.696210E-01 0.000000E+00
7.012270E+00 2.342230E-01 -3.043490E-01 4.039210E-01 0.000000E+00
3.024460E+00 3.409220E-01 -3.156940E-01 5.799000E-02 0.000000E+00
1.264610E+00 3.445060E-01 9.558300E-02 -7.138570E-01 0.000000E+00
4.962380E-01 2.433840E-01 5.053340E-01 -1.253570E-01 0.000000E+00
1.731340E-01 8.750900E-02 3.922230E-01 7.962330E-01 1.000000E+00
Cu f
5.141100E+00 1.000000E+00 0.000000E+00
1.284800E+00 0.000000E+00 1.000000E+00
Cu g
3.452500E+00 1.000000E+00
#BASIS SET:
Ag s
2.226450E+02 6.590000E-04 -1.980000E-04 -2.410000E-04 5.730000E-04 0.000000E+00
2.017250E+01 -6.285700E-02 1.866400E-02 1.512800E-02 -4.044600E-02 0.000000E+00
1.271970E+01 3.495690E-01 -1.071390E-01 -1.156070E-01 2.828960E-01 0.000000E+00
8.002110E+00 -2.892010E-01 1.086750E-01 3.454300E-02 -1.519820E-01 0.000000E+00
5.020530E+00 -5.533860E-01 1.383860E-01 4.423260E-01 -9.383320E-01 0.000000E+00
1.520850E+00 7.668890E-01 -2.615410E-01 -9.372550E-01 3.220200E+00 0.000000E+00
6.949200E-01 5.743620E-01 -3.281870E-01 -7.949800E-02 -2.806488E+00 0.000000E+00
1.729330E-01 3.127000E-02 1.515780E-01 1.547887E+00 -5.868150E-01 0.000000E+00
8.189700E-02 -8.392000E-03 5.995870E-01 -5.853700E-02 2.628721E+00 0.000000E+00
3.519000E-02 3.548000E-03 4.081810E-01 -1.134984E+00 -1.702697E+00 1.000000E+00
Ag p
2.204900E+01 -4.610000E-03 3.260000E-04 2.029000E-03 9.044000E-03 0.000000E+00
1.383560E+01 6.706100E-02 -1.499000E-02 -3.380300E-02 -7.936000E-02 0.000000E+00
7.629940E+00 -2.453710E-01 6.326500E-02 1.311220E-01 2.744310E-01 0.000000E+00
2.103720E+00 4.250860E-01 -1.340810E-01 -2.957150E-01 -8.273870E-01 0.000000E+00
1.062620E+00 5.122560E-01 -1.727420E-01 -3.672910E-01 -4.137910E-01 0.000000E+00
5.193830E-01 2.024430E-01 -3.941700E-02 1.971710E-01 1.482522E+00 0.000000E+00
2.051990E-01 2.550000E-02 3.181950E-01 6.586920E-01 -8.504700E-02 0.000000E+00
8.297900E-02 -3.242000E-03 5.663940E-01 3.409360E-01 -7.887430E-01 0.000000E+00
3.314400E-02 1.206000E-03 2.661430E-01 1.378800E-02 -1.334400E-02 1.000000E+00
Ag d
7.326650E+01 3.970000E-04 -5.230000E-04 3.920000E-04 0.000000E+00
1.877290E+01 6.290000E-03 -8.068000E-03 1.573500E-02 0.000000E+00
1.092370E+01 -2.127700E-02 2.789900E-02 -5.059300E-02 0.000000E+00
3.001970E+00 1.957800E-01 -3.221630E-01 6.640230E-01 0.000000E+00
1.471770E+00 3.799030E-01 -4.983100E-01 2.030680E-01 0.000000E+00
6.847640E-01 3.703580E-01 1.433680E-01 -1.099619E+00 0.000000E+00
3.003970E-01 2.238320E-01 5.973080E-01 1.799880E-01 0.000000E+00
1.201550E-01 5.704800E-02 2.925750E-01 7.121690E-01 1.000000E+00
Ag f
2.543100E+00 1.000000E+00 0.000000E+00
7.381000E-01 0.000000E+00 1.000000E+00
Ag g
1.575100E+00 1.000000E+00
#BASIS SET:
Au s
3.601260E+01 9.853000E-03 -4.036000E-03 4.922000E-03 -3.783900E-02 0.000000E+00
2.256450E+01 -6.045300E-02 2.427800E-02 -1.717700E-02 1.796610E-01 0.000000E+00
1.416200E+01 1.385800E-02 -2.185500E-02 1.138850E-01 -5.698330E-01 0.000000E+00
8.854870E+00 5.712960E-01 -1.478160E-01 -5.149190E-01 1.457236E+00 0.000000E+00
5.060720E+00 -1.170391E+00 3.512410E-01 9.087750E-01 -2.188846E+00 0.000000E+00
1.474050E+00 5.776400E-01 -2.090250E-01 -8.865390E-01 3.455546E+00 0.000000E+00
7.049130E-01 7.959140E-01 -4.431320E-01 -4.983620E-01 -2.308337E+00 0.000000E+00
2.177870E-01 3.581600E-02 4.334700E-02 1.418530E+00 -1.745328E+00 0.000000E+00
9.740800E-02 5.064000E-03 5.436680E-01 5.462200E-01 3.614596E+00 0.000000E+00
4.121400E-02 -3.430000E-04 5.721430E-01 -1.345581E+00 -1.955615E+00 1.000000E+00
Au p
2.159540E+01 -2.884200E-02 7.540000E-03 1.590400E-02 3.101300E-02 0.000000E+00
1.351450E+01 1.159490E-01 -3.158600E-02 -6.494800E-02 -1.226500E-01 0.000000E+00
6.255140E+00 -3.107440E-01 8.995200E-02 1.823350E-01 3.453540E-01 0.000000E+00
1.718140E+00 3.929570E-01 -1.407020E-01 -3.124650E-01 -8.837010E-01 0.000000E+00
8.694390E-01 6.084850E-01 -2.245420E-01 -4.816830E-01 -4.379100E-01 0.000000E+00
4.267590E-01 1.305380E-01 -1.388600E-02 3.165360E-01 1.707128E+00 0.000000E+00
1.842970E-01 4.616000E-02 3.263420E-01 6.522520E-01 -3.360070E-01 0.000000E+00
7.637900E-02 -1.330300E-02 5.756280E-01 3.038210E-01 -7.401620E-01 0.000000E+00
3.122000E-02 4.437000E-03 2.439980E-01 3.406000E-03 -1.697000E-02 1.000000E+00
Au d
8.702080E+01 -9.000000E-06 4.300000E-05 -1.240000E-04 0.000000E+00
1.106680E+01 1.753600E-02 -2.413300E-02 3.871700E-02 0.000000E+00
6.660470E+00 -7.668800E-02 1.050260E-01 -1.674690E-01 0.000000E+00
1.946960E+00 2.449580E-01 -4.388230E-01 1.010904E+00 0.000000E+00
9.847060E-01 4.073310E-01 -4.929670E-01 -2.356780E-01 0.000000E+00
4.746550E-01 3.439460E-01 3.245610E-01 -1.127541E+00 0.000000E+00
2.165580E-01 1.818500E-01 5.833960E-01 5.603390E-01 0.000000E+00
9.147200E-02 3.470700E-02 1.991430E-01 5.159100E-01 1.000000E+00
Au f
1.438500E+00 1.000000E+00 0.000000E+00
4.878000E-01 0.000000E+00 1.000000E+00
Au g
1.225700E+00 1.000000E+00
END
