    HF 4.0->0.7    CAS(6,6)      HF 0.7->4.0   CAS(6,6)  
0.7  -99.50005473  -99.53528310  -99.50005473  -99.53528310
0.8  -99.60972780  -99.64746411  -99.60972780  -99.64746417
0.9  -99.67359401  -99.71271636  -99.67359401  -99.71271629
1.0  -99.71790721  -99.75743971  -99.71790721  -99.75743975
1.1  -99.75239874  -99.79193289  -99.75239874  -99.79193290
1.2  -99.77997923  -99.81944418  -99.77997923  -99.81944414
1.3  -99.80182499  -99.84117790  -99.80182499  -99.84117791
1.4  -99.81888392  -99.85805195  -99.81888392  -99.85805196
1.5  -99.83204656  -99.87097312  -99.83204656  -99.87097313
1.6  -99.84210281  -99.88077654  -99.84210281  -99.88077649
1.7  -99.84972198  -99.88817103  -99.84972198  -99.88817102
1.8  -99.85545793  -99.89372928  -99.85545793  -99.89372930
1.9  -99.85975840  -99.89789862  -99.85975840  -99.89789861
2.0  -99.86297270  -99.90101729  -99.86297270  -99.90101732
2.1  -99.86536306  -99.90333484  -99.86536306  -99.90333484
2.2  -99.86712311  -99.90503532  -99.86712311  -99.90503532
2.3  -99.86839917  -99.90626000  -99.86839917  -99.90626000
2.4  -99.86930699  -99.90712271  -99.86930699  -99.90712270
2.5  -99.86994081  -99.90771707  -99.86994081  -99.90771706
2.6  -99.87037640  -99.90811842  -99.87037640  -99.90811842
2.7  -99.87067215  -99.90838448  -99.87067215  -99.90838448
2.8  -99.87087073  -99.90855715  -99.87087073  -99.90855715
2.9  -99.87100204  -99.90866559  -99.87100204  -99.90866559
3.0  -99.87108658  -99.90872984  -99.87108658  -99.90872984
3.1  -99.87113850  -99.90876378  -99.87113850  -99.90876377
3.2  -99.87116783  -99.90877734  -99.87116783  -99.90877734
3.3  -99.87118190  -99.90877781  -99.87118190  -99.90877781
3.4  -99.87118608  -99.90877051  -99.87118608  -99.90877051
3.5  -99.87118432  -99.90875928  -99.87118432  -99.90875928
3.6  -99.87117939  -99.90874673  -99.87117939  -99.90874673
3.7  -99.87117316  -99.90873451  -99.87117316  -99.90873451
3.8  -99.87116679  -99.90872354  -99.87116679  -99.90872354
3.9  -99.87116094  -99.90871423  -99.87116094  -99.90871424
4.0  -99.87115592  -99.90870663  -99.87115592  -99.90870669
