    HF 0.7->4.0    CAS(6,6)      HF 4.0->0.7   CAS(6,6)  
0.7  -99.93044898  -100.00922443  -99.93044898  -100.00922443
0.8  -100.00265748  -100.08679937  -100.00265748  -100.08679937
0.9  -100.01970406  -100.10906927  -100.01970406  -100.10906927
1.0  -100.00987003  -100.10426578  -100.00987003  -100.10426578
1.1  -99.98739744  -100.08668950  -99.98739744  -100.08668950
1.2  -99.95952604  -100.06375830  -99.95952604  -100.06375829
1.3  -99.93000542  -100.03949066  -99.93000542  -100.03949066
1.4  -99.90078979  -100.01615010  -99.90078979  -100.01615009
1.5  -99.87285247  -99.99498155  -99.87285247  -99.99498154
1.6  -99.84662408  -99.97656919  -99.84662408  -99.97656915
1.7  -99.82225305  -99.96107056  -99.82225305  -99.96107093
1.8  -99.79975162  -99.94839119  -99.79975162  -99.94840616
1.9  -99.77906426  -99.93829290  -99.77906426  -99.93833480
2.0  -99.76009618  -99.93045277  -99.76009618  -99.93045272
2.1  -99.74273040  -99.92450406  -99.74273040  -99.92450408
2.2  -99.72684379  -99.92007572  -99.72684379  -99.92007577
2.3  -99.71232005  -99.91682585  -99.71232005  -99.91682590
2.4  -99.69905551  -99.91446402  -99.69905551  -99.91446401
2.5  -99.68695791  -99.91275860  -99.68695791  -99.91275855
2.6  -99.67594205  -99.91153277  -99.67594205  -99.91153275
2.7  -99.66592607  -99.91065493  -99.66592607  -99.91065491
2.8  -99.65682995  -99.91002841  -99.65682995  -99.91002837
2.9  -99.64857584  -99.90958241  -99.64857584  -99.90958238
3.0  -99.64108922  -99.90926542  -99.64108922  -99.90926540
3.1  -99.63429987  -99.90904007  -99.63429987  -99.90904007
3.2  -99.62814243  -99.90887963  -99.62814243  -99.90887963
3.3  -99.62255645  -99.90876500  -99.62255645  -99.90876500
3.4  -99.61748630  -99.90868276  -99.61748630  -99.90868278
3.5  -99.61288099  -99.90862350  -99.61288099  -99.90862352
3.6  -99.60869397  -99.90858063  -99.60869397  -99.90858064
3.7  -99.60488291  -99.90854954  -99.60488291  -99.90854953
3.8  -99.60140948  -99.90852698  -99.60140948  -99.90852697
3.9  -99.59823906  -99.90851063  -99.59823906  -99.90851061
4.0  -99.59534044  -99.90849884  -99.59534044  -99.90849882
