#BASIS SET
H DZV-GTH
  1
  1  0  0  4  2
        8.3744350009  -0.0283380461   0.0000000000
        1.8058681460  -0.1333810052   0.0000000000
        0.4852528328  -0.3995676063   0.0000000000
        0.1658236932  -0.5531027541   1.0000000000
#
#BASIS SET
He DZV-GTH
  1
  1  0  0  5  2
       13.1305278312  -0.0500802904   0.0000000000
        4.1977275150  -0.1474339352   0.0000000000
        1.3647725570  -0.3245281495   0.0000000000
        0.4549715461  -0.4365284986   0.0000000000
        0.1513197845  -0.2164629317   1.0000000000
#
#BASIS SET
C DZV-GTH-TCB
  1
  2  0  1  4  2  2
        4.3362376436   0.1490797872   0.0000000000  -0.0878123619   0.0000000000
        1.2881838513  -0.0292640031   0.0000000000  -0.2775560300   0.0000000000
        0.4037767149  -0.6882040510   0.0000000000  -0.4712295093   0.0000000000
        0.1187877657  -0.3964426906   1.0000000000  -0.4058039291   1.0000000000
#
#BASIS SET
Si DZV-GTH-TCB
  1
  3  0  1  4  2  2
        1.2032403600   0.3290356759   0.0000000000   0.0474536439   0.0000000000
        0.4688385970  -0.2533162616   0.0000000000  -0.2594495462   0.0000000000
        0.1679853910  -0.7870936517   0.0000000000  -0.5440932235   0.0000000000
        0.0575616890  -0.1909870193   1.0000000000  -0.3623984652   1.0000000000
#
END
