#BASIS SET
H SZV-GTH
  1
  1  0  0  4  1
        8.3744350009  -0.0283380461
        1.8058681460  -0.1333810052
        0.4852528328  -0.3995676063
        0.1658236932  -0.5531027541
#
#BASIS SET
He SZV-GTH
  1
  1  0  0  5  1
       13.1305278312  -0.0500802904
        4.1977275150  -0.1474339352
        1.3647725570  -0.3245281495
        0.4549715461  -0.4365284986
        0.1513197845  -0.2164629317
#
#BASIS SET
Li SZV-GTH
  1
  1  0  0  5  2
        7.2610457926  -0.2798628497   0.0501840556
        2.1056583087  -0.4477420790   0.1084202571
        0.6439906571  -0.3912929157   0.1448363201
        0.0797152017  -0.0282408543  -0.4643021689
        0.0294029590   0.0106542324  -0.6220213304
#
#BASIS SET
Be SZV-GTH
  1
  1  0  0  5  2
       12.0759365620  -0.2957180545   0.0588372089
        3.8545761940  -0.4334460398   0.1288856096
        1.2504781570  -0.3784683226   0.1550415386
        0.1871714430  -0.0264606251  -0.5160084709
        0.0612757198   0.0081452640  -0.5935732462
#
#BASIS SET
B SZV-GTH
  1
  2  0  1  4  1  1
        2.8854084023   0.1420731829  -0.0759815770
        0.8566849689  -0.0083257749  -0.2508281584
        0.2712991753  -0.6707104603  -0.4610296144
        0.0826101984  -0.4241277148  -0.4419922734
#
#BASIS SET
C SZV-GTH
  1
  2  0  1  4  1  1
        4.3362376436   0.1490797872  -0.0878123619
        1.2881838513  -0.0292640031  -0.2775560300
        0.4037767149  -0.6882040510  -0.4712295093
        0.1187877657  -0.3964426906  -0.4058039291
#
#BASIS SET
N SZV-GTH
  1
  2  0  1  4  1  1
        6.1526903413   0.1506300537  -0.0950603476
        1.8236332280  -0.0360100734  -0.2918864295
        0.5676628870  -0.6942023212  -0.4739050050
        0.1628222852  -0.3878929987  -0.3893418670
#
#BASIS SET
O SZV-GTH
  1
  2  0  1  4  1  1
        8.3043855492   0.1510165999  -0.0995679273
        2.4579484191  -0.0393195364  -0.3011422449
        0.7597373434  -0.6971724029  -0.4750857083
        0.2136388632  -0.3841133622  -0.3798777957
#
#BASIS SET
F SZV-GTH
  1
  2  0  1  4  1  1
       10.7079832847   0.1525178777  -0.1028649478
        3.1757210204  -0.0450363043  -0.3085265610
        0.9750975650  -0.6987425604  -0.4757649909
        0.2701246771  -0.3801470341  -0.3724954705
#
#BASIS SET
Ne SZV-GTH
  1
  2  0  1  4  1  1
       13.7594449156   0.1483426747  -0.1044041225
        4.0425282819  -0.0356307196  -0.3108899020
        1.2355181615  -0.7010729520  -0.4760216511
        0.3367029925  -0.3841118307  -0.3721570391
#
#BASIS SET
Na SZV-GTH
  1
  2  0  1  6  2  1
       17.6698382207  -0.1362364777   0.0270957219   0.0791980974
        6.9070658063  -0.0645835666   0.0098734119   0.2184139257
        2.6098601451   0.3866153961  -0.0737170396   0.3764887364
        0.9649548796   0.5971358883  -0.2186742776   0.3922304007
        0.3400348369   0.1756697026  -0.0301066303   0.1808407220
        0.0432486046  -0.0017104621   1.0388865857   0.0057696324
#
#BASIS SET
Mg SZV-GTH
  1
  2  0  1  6  2  1
       28.4894000448  -0.0662729183   0.0165018731   0.0464558886
       11.7278204570  -0.1706135571   0.0374283767   0.1664914738
        4.4443941842   0.2494781478  -0.0517347280   0.3580941241
        1.6070266284   0.6423214818  -0.2647624258   0.4356599896
        0.5690630460   0.2933234669  -0.0948461091   0.2229558550
        0.0763496459  -0.0002717019   1.0630071183   0.0085986529
#
#BASIS SET
Al SZV-GTH
  1
  3  0  1  4  1  1
        0.9504275958   0.2820078575   0.0257257859
        0.2947366659  -0.2787607042  -0.2528156908
        0.1124426785  -0.7494973519  -0.5124696636
        0.0396003631  -0.1645895071  -0.3831165034
#
#BASIS SET
Si SZV-GTH
  1
  3  0  1  4  1  1
        1.2032403600   0.3290356759   0.0474536439
        0.4688385970  -0.2533162616  -0.2594495462
        0.1679853910  -0.7870936517  -0.5440932235
        0.0575616890  -0.1909870193  -0.3623984652
#
#BASIS SET
P SZV-GTH
  1
  3  0  1  4  1  1
        1.4960907993   0.3653124842   0.0816205767
        0.7169067467  -0.2125748699  -0.2627397053
        0.2411464781  -0.8136091436  -0.5627246555
        0.0803414677  -0.2362413556  -0.3691448735
#
#BASIS SET
S SZV-GTH
  1
  3  0  1  4  1  1
        1.8379629578   0.3832142891   0.1221358296
        1.0357730084  -0.1682257315  -0.2752002461
        0.3297969875  -0.8258488166  -0.5729054592
        0.1073535471  -0.2832758052  -0.3825468137
#
#BASIS SET
Cl SZV-GTH
  1
  3  0  1  4  1  1
        2.2321759828   0.3787844947   0.1555385229
        1.3787736290  -0.1239714599  -0.2931741896
        0.4264904045  -0.8298226129  -0.5781097351
        0.1366670312  -0.3175023225  -0.3901110870
#
#BASIS SET
Ar SZV-GTH
  1
  3  0  1  4  1  1
        2.6436341408   0.3737594656   0.1735190188
        1.6948954231  -0.0996534757  -0.3100915552
        0.5231109619  -0.8315200024  -0.5807564917
        0.1663306660  -0.3339930084  -0.3879330451
#
#BASIS SET
Ga SZV-GTH
 1
 2 0 2 6 1 1 1
      7.066653970373  0.004038828810  0.000167446202 -0.311164169605
      3.428369180000 -0.049926015210  0.003362568505 -0.386388805667
      1.430064114378  0.270487560795  0.130532105798 -0.341437057173
      0.571610928613  0.114461485481 -0.096032824634 -0.204608212390
      0.232196966975 -0.765662388169 -0.807329497232 -0.056129936831
      0.076561670688 -0.411890094700 -0.419386452377 -0.001205250841
#BASIS SET
Ge SZV-GTH 
 1
 2 0 1 4 1 1
      3.751626352194 -0.081330564365  0.009035073443
      1.419172362656  0.601635148115  0.102040890998
      0.322428319082 -0.974594550901 -0.762506665117
      0.110739925211 -0.656437584837 -0.400605035566
#BASIS SET
As SZV-GTH
 1
 2 0 1 4 1 1
      1.098624139209  0.855667038605  0.312802805211
      0.889293303816 -0.687764546866 -0.362619654191
      0.234710973732 -0.705420359459 -0.425177185346
      0.097981856094 -0.209729326520 -0.182957845017
END
