  ROHF 0.9->4.0   RCAS(6,6)     UHF 4.0->0.9  UCAS(6,6)  
0.9  -149.33712491  -149.36302270  -149.34898087  -149.39024909
1.0  -149.53625874  -149.58376069  -149.55104143  -149.60251384
1.1  -149.60618419  -149.66677778  -149.62356437  -149.68672286
1.2  -149.60946112  -149.68459680  -149.62899231  -149.70543589
1.3  -149.57981804  -149.67072325  -149.60101595  -149.69217862
1.4  -149.53525312  -149.65506131  -149.55765211  -149.66536697
1.5  -149.48511373  -149.63739502  -149.50829819  -149.64597734
1.6  -149.43419660  -149.62122496  -149.45781281  -149.62883165
1.7  -149.38497147  -149.60778299  -149.40873009  -149.61045625
1.8  -149.33865800  -149.59777958  -149.36233303  -149.60131623
1.9  -149.29577553  -149.59128523  -149.31920085  -149.59536719
2.0  -149.25646126  -149.58772321  -149.27952439  -149.58918906
2.1  -149.22064986  -149.58612719  -149.24328356  -149.59231001
2.2  -149.18816890  -149.58558530  -149.21034183  -149.59477100
2.3  -149.15879266  -149.58550096  -149.18050041  -149.59400285
2.4  -149.13227527  -149.58557208  -149.15353249  -149.59654529
2.5  -149.10837012  -149.58567178  -149.12920424  -149.59826384
2.6  -149.08683966  -149.58575582  -149.10728597  -149.59940617
2.7  -149.06745990  -149.58581310  -149.08755801  -149.60014690
2.8  -149.05002313  -149.58584424  -149.06981430  -149.60060731
2.9  -149.03433972  -149.58585320  -149.05386493  -149.60087321
3.0  -149.20290972  -149.58584492  -149.03953716  -149.60100575
3.1  -149.19669930  -149.58582455  -149.02667493  -149.60105015
3.2  -149.19113437  -149.58579714  -149.01513695  -149.60103983
3.3  -149.18615184  -149.58576718  -149.00479442  -149.60099918
3.4  -149.18169189  -149.58573824  -148.99552884  -149.60094553
3.5  -149.17769860  -149.58571269  -148.98723047  -149.60088953
3.6  -149.17412023  -149.58569181  -148.97979724  -149.60083794
3.7  -149.17090921  -149.58567588  -148.97313419  -149.60079354
3.8  -149.16802208  -149.58566455  -148.96715313  -149.60032075
3.9  -149.16541930  -149.58565708  -148.96177260  -149.60029191
4.0  -149.16306503  -149.58565259  -148.95691786  -149.60026943
