#
# K.E. Yousaf and K.A. Peterson, Chem. Phys. Lett. 476, 303 (2009).
# Auxiliary RI (OptRI) matched to the aug-cc-pV(n+d)Z Quintuple- Basis Set for H
# This should be used within the CABS framework with the above orbital set
#

#BASIS SET:
H s
7.257089E+00 1.000000E+00 0.000000E+00 0.000000E+00 0.000000E+00
2.242991E+00 0.000000E+00 1.000000E+00 0.000000E+00 0.000000E+00
8.543458E-01 0.000000E+00 0.000000E+00 1.000000E+00 0.000000E+00
3.066785E-01 0.000000E+00 0.000000E+00 0.000000E+00 1.000000E+00
H p
2.263274E+01 1.000000E+00 0.000000E+00 0.000000E+00 0.000000E+00
6.794656E+00 0.000000E+00 1.000000E+00 0.000000E+00 0.000000E+00
2.624145E+00 0.000000E+00 0.000000E+00 1.000000E+00 0.000000E+00
9.777037E-01 0.000000E+00 0.000000E+00 0.000000E+00 1.000000E+00
H d
4.580832E+00 1.000000E+00 0.000000E+00 0.000000E+00
1.868623E+00 0.000000E+00 1.000000E+00 0.000000E+00
7.406737E-01 0.000000E+00 0.000000E+00 1.000000E+00
H f
3.758818E+00 1.000000E+00 0.000000E+00 0.000000E+00
1.313322E+00 0.000000E+00 1.000000E+00 0.000000E+00
5.827881E-01 0.000000E+00 0.000000E+00 1.000000E+00
H g
3.525409E+00 1.000000E+00 0.000000E+00
1.260673E+00 0.000000E+00 1.000000E+00
H h
2.510965E+00 1.000000E+00
#BASIS SET:
He s
1.808334E+01 1.000000E+00 0.000000E+00 0.000000E+00 0.000000E+00
5.372014E+00 0.000000E+00 1.000000E+00 0.000000E+00 0.000000E+00
1.890797E+00 0.000000E+00 0.000000E+00 1.000000E+00 0.000000E+00
6.801768E-01 0.000000E+00 0.000000E+00 0.000000E+00 1.000000E+00
He p
3.663900E+01 1.000000E+00 0.000000E+00 0.000000E+00 0.000000E+00
5.595462E+00 0.000000E+00 1.000000E+00 0.000000E+00 0.000000E+00
2.353056E+00 0.000000E+00 0.000000E+00 1.000000E+00 0.000000E+00
7.234600E-01 0.000000E+00 0.000000E+00 0.000000E+00 1.000000E+00
He d
2.033570E+01 1.000000E+00 0.000000E+00 0.000000E+00
4.912020E+00 0.000000E+00 1.000000E+00 0.000000E+00
1.595158E+00 0.000000E+00 0.000000E+00 1.000000E+00
He f
1.013319E+01 1.000000E+00 0.000000E+00 0.000000E+00
3.317560E+00 0.000000E+00 1.000000E+00 0.000000E+00
1.028091E+00 0.000000E+00 0.000000E+00 1.000000E+00
He g
5.782820E+00 1.000000E+00 0.000000E+00
1.895339E+00 0.000000E+00 1.000000E+00
He h
3.918422E+00 1.000000E+00
#BASIS SET:
B s
3.031807E+00 1.000000E+00 0.000000E+00 0.000000E+00 0.000000E+00
7.839849E-01 0.000000E+00 1.000000E+00 0.000000E+00 0.000000E+00
2.727632E-01 0.000000E+00 0.000000E+00 1.000000E+00 0.000000E+00
1.048725E-01 0.000000E+00 0.000000E+00 0.000000E+00 1.000000E+00
B p
2.884858E+00 1.000000E+00 0.000000E+00 0.000000E+00 0.000000E+00 0.000000E+00
1.290632E+00 0.000000E+00 1.000000E+00 0.000000E+00 0.000000E+00 0.000000E+00
4.378917E-01 0.000000E+00 0.000000E+00 1.000000E+00 0.000000E+00 0.000000E+00
1.845038E-01 0.000000E+00 0.000000E+00 0.000000E+00 1.000000E+00 0.000000E+00
7.463509E-02 0.000000E+00 0.000000E+00 0.000000E+00 0.000000E+00 1.000000E+00
B d
4.809839E+00 1.000000E+00 0.000000E+00 0.000000E+00 0.000000E+00
3.102728E+00 0.000000E+00 1.000000E+00 0.000000E+00 0.000000E+00
1.234289E+00 0.000000E+00 0.000000E+00 1.000000E+00 0.000000E+00
4.740353E-01 0.000000E+00 0.000000E+00 0.000000E+00 1.000000E+00
B f
3.441814E+00 1.000000E+00 0.000000E+00 0.000000E+00
8.086946E-01 0.000000E+00 1.000000E+00 0.000000E+00
3.500418E-01 0.000000E+00 0.000000E+00 1.000000E+00
B g
2.177959E+00 1.000000E+00 0.000000E+00 0.000000E+00
6.924936E-01 0.000000E+00 1.000000E+00 0.000000E+00
1.035149E-01 0.000000E+00 0.000000E+00 1.000000E+00
B h
1.326235E+00 1.000000E+00 0.000000E+00
2.562270E-01 0.000000E+00 1.000000E+00
B i
8.507248E-01 1.000000E+00
#BASIS SET:
C s
4.500495E+00 1.000000E+00 0.000000E+00 0.000000E+00 0.000000E+00
1.103587E+00 0.000000E+00 1.000000E+00 0.000000E+00 0.000000E+00
3.849334E-01 0.000000E+00 0.000000E+00 1.000000E+00 0.000000E+00
1.526581E-01 0.000000E+00 0.000000E+00 0.000000E+00 1.000000E+00
C p
4.160664E+00 1.000000E+00 0.000000E+00 0.000000E+00 0.000000E+00 0.000000E+00
1.626163E+00 0.000000E+00 1.000000E+00 0.000000E+00 0.000000E+00 0.000000E+00
6.783276E-01 0.000000E+00 0.000000E+00 1.000000E+00 0.000000E+00 0.000000E+00
2.997448E-01 0.000000E+00 0.000000E+00 0.000000E+00 1.000000E+00 0.000000E+00
1.219198E-01 0.000000E+00 0.000000E+00 0.000000E+00 0.000000E+00 1.000000E+00
C d
1.013809E+01 1.000000E+00 0.000000E+00 0.000000E+00 0.000000E+00
5.244543E+00 0.000000E+00 1.000000E+00 0.000000E+00 0.000000E+00
1.990505E+00 0.000000E+00 0.000000E+00 1.000000E+00 0.000000E+00
7.542457E-01 0.000000E+00 0.000000E+00 0.000000E+00 1.000000E+00
C f
4.904034E+00 1.000000E+00 0.000000E+00 0.000000E+00
1.255807E+00 0.000000E+00 1.000000E+00 0.000000E+00
5.408404E-01 0.000000E+00 0.000000E+00 1.000000E+00
C g
3.524920E+00 1.000000E+00 0.000000E+00 0.000000E+00
1.012792E+00 0.000000E+00 1.000000E+00 0.000000E+00
1.147858E-01 0.000000E+00 0.000000E+00 1.000000E+00
C h
2.339630E+00 1.000000E+00 0.000000E+00
3.913165E-01 0.000000E+00 1.000000E+00
C i
1.245967E+00 1.000000E+00
#BASIS SET:
N s
6.323282E+00 1.000000E+00 0.000000E+00 0.000000E+00 0.000000E+00
1.393963E+00 0.000000E+00 1.000000E+00 0.000000E+00 0.000000E+00
5.309002E-01 0.000000E+00 0.000000E+00 1.000000E+00 0.000000E+00
2.091625E-01 0.000000E+00 0.000000E+00 0.000000E+00 1.000000E+00
N p
6.613928E+00 1.000000E+00 0.000000E+00 0.000000E+00 0.000000E+00 0.000000E+00
2.643998E+00 0.000000E+00 1.000000E+00 0.000000E+00 0.000000E+00 0.000000E+00
1.004026E+00 0.000000E+00 0.000000E+00 1.000000E+00 0.000000E+00 0.000000E+00
4.368746E-01 0.000000E+00 0.000000E+00 0.000000E+00 1.000000E+00 0.000000E+00
1.596393E-01 0.000000E+00 0.000000E+00 0.000000E+00 0.000000E+00 1.000000E+00
N d
1.351716E+01 1.000000E+00 0.000000E+00 0.000000E+00 0.000000E+00
6.959399E+00 0.000000E+00 1.000000E+00 0.000000E+00 0.000000E+00
3.091394E+00 0.000000E+00 0.000000E+00 1.000000E+00 0.000000E+00
1.119820E+00 0.000000E+00 0.000000E+00 0.000000E+00 1.000000E+00
N f
7.060014E+00 1.000000E+00 0.000000E+00 0.000000E+00
1.802390E+00 0.000000E+00 1.000000E+00 0.000000E+00
7.384728E-01 0.000000E+00 0.000000E+00 1.000000E+00
N g
5.019491E+00 1.000000E+00 0.000000E+00 0.000000E+00
1.404119E+00 0.000000E+00 1.000000E+00 0.000000E+00
1.348275E-01 0.000000E+00 0.000000E+00 1.000000E+00
N h
3.455251E+00 1.000000E+00 0.000000E+00
5.275684E-01 0.000000E+00 1.000000E+00
N i
1.941471E+00 1.000000E+00
#BASIS SET:
O s
8.479764E+00 1.000000E+00 0.000000E+00 0.000000E+00 0.000000E+00
1.708274E+00 0.000000E+00 1.000000E+00 0.000000E+00 0.000000E+00
7.589516E-01 0.000000E+00 0.000000E+00 1.000000E+00 0.000000E+00
2.746681E-01 0.000000E+00 0.000000E+00 0.000000E+00 1.000000E+00
O p
8.953653E+00 1.000000E+00 0.000000E+00 0.000000E+00 0.000000E+00 0.000000E+00
3.140498E+00 0.000000E+00 1.000000E+00 0.000000E+00 0.000000E+00 0.000000E+00
1.316456E+00 0.000000E+00 0.000000E+00 1.000000E+00 0.000000E+00 0.000000E+00
5.216183E-01 0.000000E+00 0.000000E+00 0.000000E+00 1.000000E+00 0.000000E+00
1.928445E-01 0.000000E+00 0.000000E+00 0.000000E+00 0.000000E+00 1.000000E+00
O d
2.325909E+01 1.000000E+00 0.000000E+00 0.000000E+00 0.000000E+00
9.321805E+00 0.000000E+00 1.000000E+00 0.000000E+00 0.000000E+00
3.456503E+00 0.000000E+00 0.000000E+00 1.000000E+00 0.000000E+00
1.359080E+00 0.000000E+00 0.000000E+00 0.000000E+00 1.000000E+00
O f
9.907249E+00 1.000000E+00 0.000000E+00 0.000000E+00
2.442348E+00 0.000000E+00 1.000000E+00 0.000000E+00
9.200130E-01 0.000000E+00 0.000000E+00 1.000000E+00
O g
6.427916E+00 1.000000E+00 0.000000E+00 0.000000E+00
1.984321E+00 0.000000E+00 1.000000E+00 0.000000E+00
3.397690E-01 0.000000E+00 0.000000E+00 1.000000E+00
O h
4.429012E+00 1.000000E+00 0.000000E+00
6.857024E-01 0.000000E+00 1.000000E+00
O i
2.226496E+00 1.000000E+00
#BASIS SET:
F s
1.110954E+01 1.000000E+00 0.000000E+00 0.000000E+00 0.000000E+00
2.258258E+00 0.000000E+00 1.000000E+00 0.000000E+00 0.000000E+00
9.315945E-01 0.000000E+00 0.000000E+00 1.000000E+00 0.000000E+00
3.472757E-01 0.000000E+00 0.000000E+00 0.000000E+00 1.000000E+00
F p
1.120781E+01 1.000000E+00 0.000000E+00 0.000000E+00 0.000000E+00 0.000000E+00
3.925907E+00 0.000000E+00 1.000000E+00 0.000000E+00 0.000000E+00 0.000000E+00
1.597283E+00 0.000000E+00 0.000000E+00 1.000000E+00 0.000000E+00 0.000000E+00
6.251594E-01 0.000000E+00 0.000000E+00 0.000000E+00 1.000000E+00 0.000000E+00
2.353901E-01 0.000000E+00 0.000000E+00 0.000000E+00 0.000000E+00 1.000000E+00
F d
2.869948E+01 1.000000E+00 0.000000E+00 0.000000E+00 0.000000E+00
1.163112E+01 0.000000E+00 1.000000E+00 0.000000E+00 0.000000E+00
4.533842E+00 0.000000E+00 0.000000E+00 1.000000E+00 0.000000E+00
1.780039E+00 0.000000E+00 0.000000E+00 0.000000E+00 1.000000E+00
F f
1.329817E+01 1.000000E+00 0.000000E+00 0.000000E+00
3.200602E+00 0.000000E+00 1.000000E+00 0.000000E+00
1.290173E+00 0.000000E+00 0.000000E+00 1.000000E+00
F g
8.900924E+00 1.000000E+00 0.000000E+00
2.633026E+00 0.000000E+00 1.000000E+00
F h
5.601843E+00 1.000000E+00 0.000000E+00
8.857784E-01 0.000000E+00 1.000000E+00
F i
3.026480E+00 1.000000E+00
#BASIS SET:
Ne s
1.394176E+01 1.000000E+00 0.000000E+00 0.000000E+00 0.000000E+00
2.882658E+00 0.000000E+00 1.000000E+00 0.000000E+00 0.000000E+00
1.089304E+00 0.000000E+00 0.000000E+00 1.000000E+00 0.000000E+00
4.433604E-01 0.000000E+00 0.000000E+00 0.000000E+00 1.000000E+00
Ne p
1.562950E+01 1.000000E+00 0.000000E+00 0.000000E+00 0.000000E+00 0.000000E+00
5.729182E+00 0.000000E+00 1.000000E+00 0.000000E+00 0.000000E+00 0.000000E+00
1.972633E+00 0.000000E+00 0.000000E+00 1.000000E+00 0.000000E+00 0.000000E+00
7.844727E-01 0.000000E+00 0.000000E+00 0.000000E+00 1.000000E+00 0.000000E+00
2.883394E-01 0.000000E+00 0.000000E+00 0.000000E+00 0.000000E+00 1.000000E+00
Ne d
3.769996E+01 1.000000E+00 0.000000E+00 0.000000E+00 0.000000E+00
1.479117E+01 0.000000E+00 1.000000E+00 0.000000E+00 0.000000E+00
6.062916E+00 0.000000E+00 0.000000E+00 1.000000E+00 0.000000E+00
2.550331E+00 0.000000E+00 0.000000E+00 0.000000E+00 1.000000E+00
Ne f
1.694974E+01 1.000000E+00 0.000000E+00 0.000000E+00
4.242775E+00 0.000000E+00 1.000000E+00 0.000000E+00
1.699231E+00 0.000000E+00 0.000000E+00 1.000000E+00
Ne g
1.098295E+01 1.000000E+00 0.000000E+00
3.387326E+00 0.000000E+00 1.000000E+00
Ne h
7.503528E+00 1.000000E+00 0.000000E+00
1.090019E+00 0.000000E+00 1.000000E+00
Ne i
4.012339E+00 1.000000E+00
#BASIS SET:
Al s
9.436220E+00 1.000000E+00 0.000000E+00 0.000000E+00 0.000000E+00 0.000000E+00
2.368152E+00 0.000000E+00 1.000000E+00 0.000000E+00 0.000000E+00 0.000000E+00
3.896586E-01 0.000000E+00 0.000000E+00 1.000000E+00 0.000000E+00 0.000000E+00
1.635574E-01 0.000000E+00 0.000000E+00 0.000000E+00 1.000000E+00 0.000000E+00
7.000339E-02 0.000000E+00 0.000000E+00 0.000000E+00 0.000000E+00 1.000000E+00
Al p
1.162774E+01 1.000000E+00 0.000000E+00 0.000000E+00 0.000000E+00 0.000000E+00
6.325614E+00 0.000000E+00 1.000000E+00 0.000000E+00 0.000000E+00 0.000000E+00
1.745882E+00 0.000000E+00 0.000000E+00 1.000000E+00 0.000000E+00 0.000000E+00
3.869806E-01 0.000000E+00 0.000000E+00 0.000000E+00 1.000000E+00 0.000000E+00
1.470999E-01 0.000000E+00 0.000000E+00 0.000000E+00 0.000000E+00 1.000000E+00
Al d
1.256652E+01 1.000000E+00 0.000000E+00 0.000000E+00 0.000000E+00 0.000000E+00
5.090576E+00 0.000000E+00 1.000000E+00 0.000000E+00 0.000000E+00 0.000000E+00
1.183728E+00 0.000000E+00 0.000000E+00 1.000000E+00 0.000000E+00 0.000000E+00
2.614732E-01 0.000000E+00 0.000000E+00 0.000000E+00 1.000000E+00 0.000000E+00
1.089837E-01 0.000000E+00 0.000000E+00 0.000000E+00 0.000000E+00 1.000000E+00
Al f
2.267145E+00 1.000000E+00 0.000000E+00 0.000000E+00
1.319577E+00 0.000000E+00 1.000000E+00 0.000000E+00
7.680505E-01 0.000000E+00 0.000000E+00 1.000000E+00
Al g
8.576056E-01 1.000000E+00 0.000000E+00 0.000000E+00
3.699546E-01 0.000000E+00 1.000000E+00 0.000000E+00
1.626323E-01 0.000000E+00 0.000000E+00 1.000000E+00
Al h
6.689103E-01 1.000000E+00 0.000000E+00
3.187461E-01 0.000000E+00 1.000000E+00
Al i
4.357791E-01 1.000000E+00
#BASIS SET:
Si s
1.294572E+01 1.000000E+00 0.000000E+00 0.000000E+00 0.000000E+00 0.000000E+00
3.049265E+00 0.000000E+00 1.000000E+00 0.000000E+00 0.000000E+00 0.000000E+00
5.386733E-01 0.000000E+00 0.000000E+00 1.000000E+00 0.000000E+00 0.000000E+00
2.262539E-01 0.000000E+00 0.000000E+00 0.000000E+00 1.000000E+00 0.000000E+00
9.844616E-02 0.000000E+00 0.000000E+00 0.000000E+00 0.000000E+00 1.000000E+00
Si p
1.591407E+01 1.000000E+00 0.000000E+00 0.000000E+00 0.000000E+00 0.000000E+00
7.374600E+00 0.000000E+00 1.000000E+00 0.000000E+00 0.000000E+00 0.000000E+00
2.267984E+00 0.000000E+00 0.000000E+00 1.000000E+00 0.000000E+00 0.000000E+00
5.565952E-01 0.000000E+00 0.000000E+00 0.000000E+00 1.000000E+00 0.000000E+00
2.110479E-01 0.000000E+00 0.000000E+00 0.000000E+00 0.000000E+00 1.000000E+00
Si d
1.507340E+01 1.000000E+00 0.000000E+00 0.000000E+00 0.000000E+00 0.000000E+00
5.987256E+00 0.000000E+00 1.000000E+00 0.000000E+00 0.000000E+00 0.000000E+00
2.092459E+00 0.000000E+00 0.000000E+00 1.000000E+00 0.000000E+00 0.000000E+00
3.705981E-01 0.000000E+00 0.000000E+00 0.000000E+00 1.000000E+00 0.000000E+00
1.658578E-01 0.000000E+00 0.000000E+00 0.000000E+00 0.000000E+00 1.000000E+00
Si f
4.392480E+00 1.000000E+00 0.000000E+00 0.000000E+00
2.124492E+00 0.000000E+00 1.000000E+00 0.000000E+00
1.027544E+00 0.000000E+00 0.000000E+00 1.000000E+00
Si g
1.055533E+00 1.000000E+00 0.000000E+00 0.000000E+00
4.743400E-01 0.000000E+00 1.000000E+00 0.000000E+00
2.198984E-01 0.000000E+00 0.000000E+00 1.000000E+00
Si h
8.817401E-01 1.000000E+00 0.000000E+00
4.324996E-01 0.000000E+00 1.000000E+00
Si i
5.998807E-01 1.000000E+00
#BASIS SET:
P s
1.631928E+01 1.000000E+00 0.000000E+00 0.000000E+00 0.000000E+00 0.000000E+00
5.394684E+00 0.000000E+00 1.000000E+00 0.000000E+00 0.000000E+00 0.000000E+00
6.594717E-01 0.000000E+00 0.000000E+00 1.000000E+00 0.000000E+00 0.000000E+00
2.923682E-01 0.000000E+00 0.000000E+00 0.000000E+00 1.000000E+00 0.000000E+00
1.254888E-01 0.000000E+00 0.000000E+00 0.000000E+00 0.000000E+00 1.000000E+00
P p
2.586257E+01 1.000000E+00 0.000000E+00 0.000000E+00 0.000000E+00 0.000000E+00
9.235143E+00 0.000000E+00 1.000000E+00 0.000000E+00 0.000000E+00 0.000000E+00
3.045943E+00 0.000000E+00 0.000000E+00 1.000000E+00 0.000000E+00 0.000000E+00
6.484252E-01 0.000000E+00 0.000000E+00 0.000000E+00 1.000000E+00 0.000000E+00
2.771731E-01 0.000000E+00 0.000000E+00 0.000000E+00 0.000000E+00 1.000000E+00
P d
2.195618E+01 1.000000E+00 0.000000E+00 0.000000E+00 0.000000E+00 0.000000E+00
8.618541E+00 0.000000E+00 1.000000E+00 0.000000E+00 0.000000E+00 0.000000E+00
2.600499E+00 0.000000E+00 0.000000E+00 1.000000E+00 0.000000E+00 0.000000E+00
5.066067E-01 0.000000E+00 0.000000E+00 0.000000E+00 1.000000E+00 0.000000E+00
2.176571E-01 0.000000E+00 0.000000E+00 0.000000E+00 0.000000E+00 1.000000E+00
P f
7.323804E+00 1.000000E+00 0.000000E+00 0.000000E+00
3.170026E+00 0.000000E+00 1.000000E+00 0.000000E+00
1.372110E+00 0.000000E+00 0.000000E+00 1.000000E+00
P g
1.348499E+00 1.000000E+00 0.000000E+00 0.000000E+00
6.091365E-01 0.000000E+00 1.000000E+00 0.000000E+00
2.753475E-01 0.000000E+00 0.000000E+00 1.000000E+00
P h
1.115307E+00 1.000000E+00 0.000000E+00
5.262953E-01 0.000000E+00 1.000000E+00
P i
7.728964E-01 1.000000E+00
#BASIS SET:
S s
1.812923E+01 1.000000E+00 0.000000E+00 0.000000E+00 0.000000E+00 0.000000E+00
6.641617E+00 0.000000E+00 1.000000E+00 0.000000E+00 0.000000E+00 0.000000E+00
8.232586E-01 0.000000E+00 0.000000E+00 1.000000E+00 0.000000E+00 0.000000E+00
3.603471E-01 0.000000E+00 0.000000E+00 0.000000E+00 1.000000E+00 0.000000E+00
1.551614E-01 0.000000E+00 0.000000E+00 0.000000E+00 0.000000E+00 1.000000E+00
S p
3.281173E+01 1.000000E+00 0.000000E+00 0.000000E+00 0.000000E+00 0.000000E+00
1.489620E+01 0.000000E+00 1.000000E+00 0.000000E+00 0.000000E+00 0.000000E+00
2.856051E+00 0.000000E+00 0.000000E+00 1.000000E+00 0.000000E+00 0.000000E+00
7.257710E-01 0.000000E+00 0.000000E+00 0.000000E+00 1.000000E+00 0.000000E+00
3.148165E-01 0.000000E+00 0.000000E+00 0.000000E+00 0.000000E+00 1.000000E+00
S d
3.420361E+01 1.000000E+00 0.000000E+00 0.000000E+00 0.000000E+00 0.000000E+00
9.756765E+00 0.000000E+00 1.000000E+00 0.000000E+00 0.000000E+00 0.000000E+00
2.408587E+00 0.000000E+00 0.000000E+00 1.000000E+00 0.000000E+00 0.000000E+00
6.234597E-01 0.000000E+00 0.000000E+00 0.000000E+00 1.000000E+00 0.000000E+00
2.923824E-01 0.000000E+00 0.000000E+00 0.000000E+00 0.000000E+00 1.000000E+00
S f
1.029926E+01 1.000000E+00 0.000000E+00 0.000000E+00
4.092681E+00 0.000000E+00 1.000000E+00 0.000000E+00
1.626334E+00 0.000000E+00 0.000000E+00 1.000000E+00
S g
1.605512E+00 1.000000E+00 0.000000E+00 0.000000E+00
6.930868E-01 0.000000E+00 1.000000E+00 0.000000E+00
3.190992E-01 0.000000E+00 0.000000E+00 1.000000E+00
S h
1.396358E+00 1.000000E+00 0.000000E+00
6.410035E-01 0.000000E+00 1.000000E+00
S i
9.676005E-01 1.000000E+00
#BASIS SET:
Cl s
2.923701E+01 1.000000E+00 0.000000E+00 0.000000E+00 0.000000E+00 0.000000E+00
7.586851E+00 0.000000E+00 1.000000E+00 0.000000E+00 0.000000E+00 0.000000E+00
1.074544E+00 0.000000E+00 0.000000E+00 1.000000E+00 0.000000E+00 0.000000E+00
4.385845E-01 0.000000E+00 0.000000E+00 0.000000E+00 1.000000E+00 0.000000E+00
1.749338E-01 0.000000E+00 0.000000E+00 0.000000E+00 0.000000E+00 1.000000E+00
Cl p
4.039589E+01 1.000000E+00 0.000000E+00 0.000000E+00 0.000000E+00 0.000000E+00
1.295719E+01 0.000000E+00 1.000000E+00 0.000000E+00 0.000000E+00 0.000000E+00
2.222777E+00 0.000000E+00 0.000000E+00 1.000000E+00 0.000000E+00 0.000000E+00
8.033450E-01 0.000000E+00 0.000000E+00 0.000000E+00 1.000000E+00 0.000000E+00
3.801242E-01 0.000000E+00 0.000000E+00 0.000000E+00 0.000000E+00 1.000000E+00
Cl d
4.240077E+01 1.000000E+00 0.000000E+00 0.000000E+00 0.000000E+00 0.000000E+00
1.944619E+01 0.000000E+00 1.000000E+00 0.000000E+00 0.000000E+00 0.000000E+00
4.102058E+00 0.000000E+00 0.000000E+00 1.000000E+00 0.000000E+00 0.000000E+00
7.840027E-01 0.000000E+00 0.000000E+00 0.000000E+00 1.000000E+00 0.000000E+00
3.090145E-01 0.000000E+00 0.000000E+00 0.000000E+00 0.000000E+00 1.000000E+00
Cl f
1.301931E+01 1.000000E+00 0.000000E+00 0.000000E+00
5.090820E+00 0.000000E+00 1.000000E+00 0.000000E+00
1.990616E+00 0.000000E+00 0.000000E+00 1.000000E+00
Cl g
1.939661E+00 1.000000E+00 0.000000E+00 0.000000E+00
8.300015E-01 0.000000E+00 1.000000E+00 0.000000E+00
3.919076E-01 0.000000E+00 0.000000E+00 1.000000E+00
Cl h
1.806305E+00 1.000000E+00 0.000000E+00
7.952375E-01 0.000000E+00 1.000000E+00
Cl i
1.179689E+00 1.000000E+00
#BASIS SET:
Ar s
3.588771E+01 1.000000E+00 0.000000E+00 0.000000E+00 0.000000E+00 0.000000E+00
8.447534E+00 0.000000E+00 1.000000E+00 0.000000E+00 0.000000E+00 0.000000E+00
1.172952E+00 0.000000E+00 0.000000E+00 1.000000E+00 0.000000E+00 0.000000E+00
5.214937E-01 0.000000E+00 0.000000E+00 0.000000E+00 1.000000E+00 0.000000E+00
2.231653E-01 0.000000E+00 0.000000E+00 0.000000E+00 0.000000E+00 1.000000E+00
Ar p
4.129768E+01 1.000000E+00 0.000000E+00 0.000000E+00 0.000000E+00 0.000000E+00
1.437135E+01 0.000000E+00 1.000000E+00 0.000000E+00 0.000000E+00 0.000000E+00
2.715546E+00 0.000000E+00 0.000000E+00 1.000000E+00 0.000000E+00 0.000000E+00
9.801497E-01 0.000000E+00 0.000000E+00 0.000000E+00 1.000000E+00 0.000000E+00
4.117884E-01 0.000000E+00 0.000000E+00 0.000000E+00 0.000000E+00 1.000000E+00
Ar d
4.220796E+01 1.000000E+00 0.000000E+00 0.000000E+00 0.000000E+00 0.000000E+00
2.103211E+01 0.000000E+00 1.000000E+00 0.000000E+00 0.000000E+00 0.000000E+00
6.239057E+00 0.000000E+00 0.000000E+00 1.000000E+00 0.000000E+00 0.000000E+00
9.453539E-01 0.000000E+00 0.000000E+00 0.000000E+00 1.000000E+00 0.000000E+00
4.045704E-01 0.000000E+00 0.000000E+00 0.000000E+00 0.000000E+00 1.000000E+00
Ar f
1.550719E+01 1.000000E+00 0.000000E+00 0.000000E+00
6.182124E+00 0.000000E+00 1.000000E+00 0.000000E+00
2.464577E+00 0.000000E+00 0.000000E+00 1.000000E+00
Ar g
2.321363E+00 1.000000E+00 0.000000E+00 0.000000E+00
9.903833E-01 0.000000E+00 1.000000E+00 0.000000E+00
4.702357E-01 0.000000E+00 0.000000E+00 1.000000E+00
Ar h
2.219622E+00 1.000000E+00 0.000000E+00
9.663973E-01 0.000000E+00 1.000000E+00
Ar i
1.471142E+00 1.000000E+00
END
