#
# K.E. Yousaf and K.A. Peterson, Chem. Phys. Lett. 476, 303 (2009).
# Auxiliary RI (OptRI) matched to the aug-cc-pV(n+d)Z Double- Basis Set for H
# This should be used within the CABS framework with the above orbital set
#

#BASIS SET:
H s
1.320036E+00 1.000000E+00 0.000000E+00 0.000000E+00
2.865401E-01 0.000000E+00 1.000000E+00 0.000000E+00
8.139369E-02 0.000000E+00 0.000000E+00 1.000000E+00
H p
2.667161E+00 1.000000E+00 0.000000E+00 0.000000E+00
1.251075E+00 0.000000E+00 1.000000E+00 0.000000E+00
2.732016E-01 0.000000E+00 0.000000E+00 1.000000E+00
H d
2.604730E+00 1.000000E+00 0.000000E+00
7.576342E-01 0.000000E+00 1.000000E+00
#BASIS SET:
He s
2.090370E+00 1.000000E+00 0.000000E+00 0.000000E+00
1.397282E+00 0.000000E+00 1.000000E+00 0.000000E+00
1.987340E-01 0.000000E+00 0.000000E+00 1.000000E+00
He p
9.316861E+00 1.000000E+00 0.000000E+00 0.000000E+00
4.068678E+00 0.000000E+00 1.000000E+00 0.000000E+00
3.995188E-01 0.000000E+00 0.000000E+00 1.000000E+00
He d
3.149742E+00 1.000000E+00 0.000000E+00
8.377991E-01 0.000000E+00 1.000000E+00
#BASIS SET:
B s
4.192619E+00 1.000000E+00 0.000000E+00 0.000000E+00 0.000000E+00
1.138224E+00 0.000000E+00 1.000000E+00 0.000000E+00 0.000000E+00
3.090081E-01 0.000000E+00 0.000000E+00 1.000000E+00 0.000000E+00
5.657203E-02 0.000000E+00 0.000000E+00 0.000000E+00 1.000000E+00
B p
1.354044E+00 1.000000E+00 0.000000E+00 0.000000E+00 0.000000E+00 0.000000E+00
6.503250E-01 0.000000E+00 1.000000E+00 0.000000E+00 0.000000E+00 0.000000E+00
3.123403E-01 0.000000E+00 0.000000E+00 1.000000E+00 0.000000E+00 0.000000E+00
1.500119E-01 0.000000E+00 0.000000E+00 0.000000E+00 1.000000E+00 0.000000E+00
5.029564E-02 0.000000E+00 0.000000E+00 0.000000E+00 0.000000E+00 1.000000E+00
B d
3.778629E+00 1.000000E+00 0.000000E+00 0.000000E+00 0.000000E+00
1.406891E+00 0.000000E+00 1.000000E+00 0.000000E+00 0.000000E+00
5.238255E-01 0.000000E+00 0.000000E+00 1.000000E+00 0.000000E+00
2.281040E-01 0.000000E+00 0.000000E+00 0.000000E+00 1.000000E+00
B f
1.679928E+00 1.000000E+00 0.000000E+00 0.000000E+00
5.801498E-01 0.000000E+00 1.000000E+00 0.000000E+00
1.991355E-01 0.000000E+00 0.000000E+00 1.000000E+00
B g
6.245048E-01 1.000000E+00
#BASIS SET:
C s
6.547563E+00 1.000000E+00 0.000000E+00 0.000000E+00 0.000000E+00
1.807741E+00 0.000000E+00 1.000000E+00 0.000000E+00 0.000000E+00
4.991061E-01 0.000000E+00 0.000000E+00 1.000000E+00 0.000000E+00
7.360121E-02 0.000000E+00 0.000000E+00 0.000000E+00 1.000000E+00
C p
2.153659E+00 1.000000E+00 0.000000E+00 0.000000E+00 0.000000E+00 0.000000E+00
1.018656E+00 0.000000E+00 1.000000E+00 0.000000E+00 0.000000E+00 0.000000E+00
4.818127E-01 0.000000E+00 0.000000E+00 1.000000E+00 0.000000E+00 0.000000E+00
2.278919E-01 0.000000E+00 0.000000E+00 0.000000E+00 1.000000E+00 0.000000E+00
9.529475E-02 0.000000E+00 0.000000E+00 0.000000E+00 0.000000E+00 1.000000E+00
C d
8.107669E+00 1.000000E+00 0.000000E+00 0.000000E+00 0.000000E+00
3.347320E+00 0.000000E+00 1.000000E+00 0.000000E+00 0.000000E+00
1.381969E+00 0.000000E+00 0.000000E+00 1.000000E+00 0.000000E+00
3.330557E-01 0.000000E+00 0.000000E+00 0.000000E+00 1.000000E+00
C f
2.652750E+00 1.000000E+00 0.000000E+00 0.000000E+00
8.918208E-01 0.000000E+00 1.000000E+00 0.000000E+00
3.018962E-01 0.000000E+00 0.000000E+00 1.000000E+00
C g
9.734887E-01 1.000000E+00
#BASIS SET:
N s
9.674522E+00 1.000000E+00 0.000000E+00 0.000000E+00 0.000000E+00
2.651372E+00 0.000000E+00 1.000000E+00 0.000000E+00 0.000000E+00
7.266277E-01 0.000000E+00 0.000000E+00 1.000000E+00 0.000000E+00
9.144855E-02 0.000000E+00 0.000000E+00 0.000000E+00 1.000000E+00
N p
3.015942E+00 1.000000E+00 0.000000E+00 0.000000E+00 0.000000E+00 0.000000E+00
1.431573E+00 0.000000E+00 1.000000E+00 0.000000E+00 0.000000E+00 0.000000E+00
6.795227E-01 0.000000E+00 0.000000E+00 1.000000E+00 0.000000E+00 0.000000E+00
3.225480E-01 0.000000E+00 0.000000E+00 0.000000E+00 1.000000E+00 0.000000E+00
1.151827E-01 0.000000E+00 0.000000E+00 0.000000E+00 0.000000E+00 1.000000E+00
N d
6.973227E+00 1.000000E+00 0.000000E+00 0.000000E+00 0.000000E+00
3.588066E+00 0.000000E+00 1.000000E+00 0.000000E+00 0.000000E+00
1.846235E+00 0.000000E+00 0.000000E+00 1.000000E+00 0.000000E+00
4.224635E-01 0.000000E+00 0.000000E+00 0.000000E+00 1.000000E+00
N f
4.092837E+00 1.000000E+00 0.000000E+00 0.000000E+00
1.397681E+00 0.000000E+00 1.000000E+00 0.000000E+00
5.109863E-01 0.000000E+00 0.000000E+00 1.000000E+00
N g
1.484177E+00 1.000000E+00
#BASIS SET:
O s
1.048318E+01 1.000000E+00 0.000000E+00 0.000000E+00 0.000000E+00
3.089291E+00 0.000000E+00 1.000000E+00 0.000000E+00 0.000000E+00
9.103835E-01 0.000000E+00 0.000000E+00 1.000000E+00 0.000000E+00
1.177849E-01 0.000000E+00 0.000000E+00 0.000000E+00 1.000000E+00
O p
4.180971E+00 1.000000E+00 0.000000E+00 0.000000E+00 0.000000E+00 0.000000E+00
1.931778E+00 0.000000E+00 1.000000E+00 0.000000E+00 0.000000E+00 0.000000E+00
8.925594E-01 0.000000E+00 0.000000E+00 1.000000E+00 0.000000E+00 0.000000E+00
4.123985E-01 0.000000E+00 0.000000E+00 0.000000E+00 1.000000E+00 0.000000E+00
1.022823E-01 0.000000E+00 0.000000E+00 0.000000E+00 0.000000E+00 1.000000E+00
O d
1.274215E+01 1.000000E+00 0.000000E+00 0.000000E+00 0.000000E+00
6.710063E+00 0.000000E+00 1.000000E+00 0.000000E+00 0.000000E+00
3.533545E+00 0.000000E+00 0.000000E+00 1.000000E+00 0.000000E+00
5.339367E-01 0.000000E+00 0.000000E+00 0.000000E+00 1.000000E+00
O f
4.802730E+00 1.000000E+00 0.000000E+00 0.000000E+00
1.557922E+00 0.000000E+00 1.000000E+00 0.000000E+00
5.075656E-01 0.000000E+00 0.000000E+00 1.000000E+00
O g
1.763142E+00 1.000000E+00
#BASIS SET:
F s
1.445111E+01 1.000000E+00 0.000000E+00 0.000000E+00 0.000000E+00
4.226853E+00 0.000000E+00 1.000000E+00 0.000000E+00 0.000000E+00
1.236326E+00 0.000000E+00 0.000000E+00 1.000000E+00 0.000000E+00
1.465134E-01 0.000000E+00 0.000000E+00 0.000000E+00 1.000000E+00
F p
4.837221E+00 1.000000E+00 0.000000E+00 0.000000E+00 0.000000E+00 0.000000E+00
2.291208E+00 0.000000E+00 1.000000E+00 0.000000E+00 0.000000E+00 0.000000E+00
1.085258E+00 0.000000E+00 0.000000E+00 1.000000E+00 0.000000E+00 0.000000E+00
5.140456E-01 0.000000E+00 0.000000E+00 0.000000E+00 1.000000E+00 0.000000E+00
1.269280E-01 0.000000E+00 0.000000E+00 0.000000E+00 0.000000E+00 1.000000E+00
F d
1.587455E+01 1.000000E+00 0.000000E+00 0.000000E+00 0.000000E+00
7.278188E+00 0.000000E+00 1.000000E+00 0.000000E+00 0.000000E+00
3.336915E+00 0.000000E+00 0.000000E+00 1.000000E+00 0.000000E+00
1.095438E+00 0.000000E+00 0.000000E+00 0.000000E+00 1.000000E+00
F f
6.162877E+00 1.000000E+00 0.000000E+00 0.000000E+00
1.980057E+00 0.000000E+00 1.000000E+00 0.000000E+00
6.390793E-01 0.000000E+00 0.000000E+00 1.000000E+00
F g
2.274113E+00 1.000000E+00
#BASIS SET:
Ne s
2.195746E+01 1.000000E+00 0.000000E+00 0.000000E+00 0.000000E+00
6.046155E+00 0.000000E+00 1.000000E+00 0.000000E+00 0.000000E+00
1.664855E+00 0.000000E+00 0.000000E+00 1.000000E+00 0.000000E+00
1.819800E-01 0.000000E+00 0.000000E+00 0.000000E+00 1.000000E+00
Ne p
5.724722E+00 1.000000E+00 0.000000E+00 0.000000E+00 0.000000E+00 0.000000E+00
2.748719E+00 0.000000E+00 1.000000E+00 0.000000E+00 0.000000E+00 0.000000E+00
1.319794E+00 0.000000E+00 0.000000E+00 1.000000E+00 0.000000E+00 0.000000E+00
6.336977E-01 0.000000E+00 0.000000E+00 0.000000E+00 1.000000E+00 0.000000E+00
1.858158E-01 0.000000E+00 0.000000E+00 0.000000E+00 0.000000E+00 1.000000E+00
Ne d
2.096380E+01 1.000000E+00 0.000000E+00 0.000000E+00 0.000000E+00
1.055251E+01 0.000000E+00 1.000000E+00 0.000000E+00 0.000000E+00
5.311795E+00 0.000000E+00 0.000000E+00 1.000000E+00 0.000000E+00
1.477260E+00 0.000000E+00 0.000000E+00 0.000000E+00 1.000000E+00
Ne f
8.203502E+00 1.000000E+00 0.000000E+00 0.000000E+00
2.705896E+00 0.000000E+00 1.000000E+00 0.000000E+00
9.131774E-01 0.000000E+00 0.000000E+00 1.000000E+00
Ne g
3.000226E+00 1.000000E+00
#BASIS SET:
Al s
3.967365E+00 1.000000E+00 0.000000E+00 0.000000E+00 0.000000E+00 0.000000E+00
1.299424E+00 0.000000E+00 1.000000E+00 0.000000E+00 0.000000E+00 0.000000E+00
4.255981E-01 0.000000E+00 0.000000E+00 1.000000E+00 0.000000E+00 0.000000E+00
1.393954E-01 0.000000E+00 0.000000E+00 0.000000E+00 1.000000E+00 0.000000E+00
4.029808E-02 0.000000E+00 0.000000E+00 0.000000E+00 0.000000E+00 1.000000E+00
Al p
5.922900E+00 1.000000E+00 0.000000E+00 0.000000E+00 0.000000E+00 0.000000E+00
1.478418E+00 0.000000E+00 1.000000E+00 0.000000E+00 0.000000E+00 0.000000E+00
3.690286E-01 0.000000E+00 0.000000E+00 1.000000E+00 0.000000E+00 0.000000E+00
9.211341E-02 0.000000E+00 0.000000E+00 0.000000E+00 1.000000E+00 0.000000E+00
2.763386E-02 0.000000E+00 0.000000E+00 0.000000E+00 0.000000E+00 1.000000E+00
Al d
5.994935E+00 1.000000E+00 0.000000E+00 0.000000E+00 0.000000E+00
3.050069E+00 0.000000E+00 1.000000E+00 0.000000E+00 0.000000E+00
4.256454E-01 0.000000E+00 0.000000E+00 1.000000E+00 0.000000E+00
8.261700E-02 0.000000E+00 0.000000E+00 0.000000E+00 1.000000E+00
Al f
8.542498E-01 1.000000E+00 0.000000E+00 0.000000E+00
3.447664E-01 0.000000E+00 1.000000E+00 0.000000E+00
1.161206E-01 0.000000E+00 0.000000E+00 1.000000E+00
Al g
3.282012E-01 1.000000E+00
#BASIS SET:
Si s
6.207253E+00 1.000000E+00 0.000000E+00 0.000000E+00 0.000000E+00 0.000000E+00
1.819818E+00 0.000000E+00 1.000000E+00 0.000000E+00 0.000000E+00 0.000000E+00
5.335272E-01 0.000000E+00 0.000000E+00 1.000000E+00 0.000000E+00 0.000000E+00
1.564174E-01 0.000000E+00 0.000000E+00 0.000000E+00 1.000000E+00 0.000000E+00
5.621721E-02 0.000000E+00 0.000000E+00 0.000000E+00 0.000000E+00 1.000000E+00
Si p
6.894168E+00 1.000000E+00 0.000000E+00 0.000000E+00 0.000000E+00 0.000000E+00
1.881417E+00 0.000000E+00 1.000000E+00 0.000000E+00 0.000000E+00 0.000000E+00
5.134382E-01 0.000000E+00 0.000000E+00 1.000000E+00 0.000000E+00 0.000000E+00
1.401172E-01 0.000000E+00 0.000000E+00 0.000000E+00 1.000000E+00 0.000000E+00
5.008851E-02 0.000000E+00 0.000000E+00 0.000000E+00 0.000000E+00 1.000000E+00
Si d
1.019704E+01 1.000000E+00 0.000000E+00 0.000000E+00 0.000000E+00
5.520381E+00 0.000000E+00 1.000000E+00 0.000000E+00 0.000000E+00
6.207535E-01 0.000000E+00 0.000000E+00 1.000000E+00 0.000000E+00
1.343328E-01 0.000000E+00 0.000000E+00 0.000000E+00 1.000000E+00
Si f
1.638593E+00 1.000000E+00 0.000000E+00 0.000000E+00
5.116878E-01 0.000000E+00 1.000000E+00 0.000000E+00
1.826691E-01 0.000000E+00 0.000000E+00 1.000000E+00
Si g
4.501796E-01 1.000000E+00
#BASIS SET:
P s
7.136474E+00 1.000000E+00 0.000000E+00 0.000000E+00 0.000000E+00 0.000000E+00
2.223414E+00 0.000000E+00 1.000000E+00 0.000000E+00 0.000000E+00 0.000000E+00
6.927186E-01 0.000000E+00 0.000000E+00 1.000000E+00 0.000000E+00 0.000000E+00
2.158209E-01 0.000000E+00 0.000000E+00 0.000000E+00 1.000000E+00 0.000000E+00
7.406220E-02 0.000000E+00 0.000000E+00 0.000000E+00 0.000000E+00 1.000000E+00
P p
8.047716E+00 1.000000E+00 0.000000E+00 0.000000E+00 0.000000E+00 0.000000E+00
2.306873E+00 0.000000E+00 1.000000E+00 0.000000E+00 0.000000E+00 0.000000E+00
6.612637E-01 0.000000E+00 0.000000E+00 1.000000E+00 0.000000E+00 0.000000E+00
1.895508E-01 0.000000E+00 0.000000E+00 0.000000E+00 1.000000E+00 0.000000E+00
5.573325E-02 0.000000E+00 0.000000E+00 0.000000E+00 0.000000E+00 1.000000E+00
P d
1.230563E+01 1.000000E+00 0.000000E+00 0.000000E+00 0.000000E+00
6.384536E+00 0.000000E+00 1.000000E+00 0.000000E+00 0.000000E+00
7.746064E-01 0.000000E+00 0.000000E+00 1.000000E+00 0.000000E+00
1.854593E-01 0.000000E+00 0.000000E+00 0.000000E+00 1.000000E+00
P f
3.614567E+00 1.000000E+00 0.000000E+00 0.000000E+00
6.779061E-01 0.000000E+00 1.000000E+00 0.000000E+00
2.635086E-01 0.000000E+00 0.000000E+00 1.000000E+00
P g
5.961993E-01 1.000000E+00
#BASIS SET:
S s
8.482869E+00 1.000000E+00 0.000000E+00 0.000000E+00 0.000000E+00 0.000000E+00
2.638023E+00 0.000000E+00 1.000000E+00 0.000000E+00 0.000000E+00 0.000000E+00
8.203786E-01 0.000000E+00 0.000000E+00 1.000000E+00 0.000000E+00 0.000000E+00
2.551233E-01 0.000000E+00 0.000000E+00 0.000000E+00 1.000000E+00 0.000000E+00
8.721957E-02 0.000000E+00 0.000000E+00 0.000000E+00 0.000000E+00 1.000000E+00
S p
9.101604E+00 1.000000E+00 0.000000E+00 0.000000E+00 0.000000E+00 0.000000E+00
2.682351E+00 0.000000E+00 1.000000E+00 0.000000E+00 0.000000E+00 0.000000E+00
7.905206E-01 0.000000E+00 0.000000E+00 1.000000E+00 0.000000E+00 0.000000E+00
2.329758E-01 0.000000E+00 0.000000E+00 0.000000E+00 1.000000E+00 0.000000E+00
7.381453E-02 0.000000E+00 0.000000E+00 0.000000E+00 0.000000E+00 1.000000E+00
S d
1.740298E+01 1.000000E+00 0.000000E+00 0.000000E+00 0.000000E+00
7.174550E+00 0.000000E+00 1.000000E+00 0.000000E+00 0.000000E+00
9.285231E-01 0.000000E+00 0.000000E+00 1.000000E+00 0.000000E+00
3.008215E-01 0.000000E+00 0.000000E+00 0.000000E+00 1.000000E+00
S f
5.046678E+00 1.000000E+00 0.000000E+00 0.000000E+00
8.342981E-01 0.000000E+00 1.000000E+00 0.000000E+00
3.182260E-01 0.000000E+00 0.000000E+00 1.000000E+00
S g
7.469603E-01 1.000000E+00
#BASIS SET:
Cl s
1.033676E+01 1.000000E+00 0.000000E+00 0.000000E+00 0.000000E+00 0.000000E+00
3.206864E+00 0.000000E+00 1.000000E+00 0.000000E+00 0.000000E+00 0.000000E+00
9.948935E-01 0.000000E+00 0.000000E+00 1.000000E+00 0.000000E+00 0.000000E+00
3.086546E-01 0.000000E+00 0.000000E+00 0.000000E+00 1.000000E+00 0.000000E+00
1.107192E-01 0.000000E+00 0.000000E+00 0.000000E+00 0.000000E+00 1.000000E+00
Cl p
1.010067E+01 1.000000E+00 0.000000E+00 0.000000E+00 0.000000E+00 0.000000E+00
3.071309E+00 0.000000E+00 1.000000E+00 0.000000E+00 0.000000E+00 0.000000E+00
9.338927E-01 0.000000E+00 0.000000E+00 1.000000E+00 0.000000E+00 0.000000E+00
2.839686E-01 0.000000E+00 0.000000E+00 0.000000E+00 1.000000E+00 0.000000E+00
8.106372E-02 0.000000E+00 0.000000E+00 0.000000E+00 0.000000E+00 1.000000E+00
Cl d
1.870883E+01 1.000000E+00 0.000000E+00 0.000000E+00 0.000000E+00
1.161699E+01 0.000000E+00 1.000000E+00 0.000000E+00 0.000000E+00
1.138737E+00 0.000000E+00 0.000000E+00 1.000000E+00 0.000000E+00
3.397212E-01 0.000000E+00 0.000000E+00 0.000000E+00 1.000000E+00
Cl f
6.510437E+00 1.000000E+00 0.000000E+00 0.000000E+00
1.019373E+00 0.000000E+00 1.000000E+00 0.000000E+00
3.884982E-01 0.000000E+00 0.000000E+00 1.000000E+00
Cl g
9.126229E-01 1.000000E+00
#BASIS SET:
Ar s
1.066027E+01 1.000000E+00 0.000000E+00 0.000000E+00 0.000000E+00 0.000000E+00
3.407643E+00 0.000000E+00 1.000000E+00 0.000000E+00 0.000000E+00 0.000000E+00
1.089282E+00 0.000000E+00 0.000000E+00 1.000000E+00 0.000000E+00 0.000000E+00
3.481980E-01 0.000000E+00 0.000000E+00 0.000000E+00 1.000000E+00 0.000000E+00
1.063088E-01 0.000000E+00 0.000000E+00 0.000000E+00 0.000000E+00 1.000000E+00
Ar p
1.169547E+01 1.000000E+00 0.000000E+00 0.000000E+00 0.000000E+00 0.000000E+00
3.616496E+00 0.000000E+00 1.000000E+00 0.000000E+00 0.000000E+00 0.000000E+00
1.118299E+00 0.000000E+00 0.000000E+00 1.000000E+00 0.000000E+00 0.000000E+00
3.458025E-01 0.000000E+00 0.000000E+00 0.000000E+00 1.000000E+00 0.000000E+00
1.154119E-01 0.000000E+00 0.000000E+00 0.000000E+00 0.000000E+00 1.000000E+00
Ar d
2.429747E+01 1.000000E+00 0.000000E+00 0.000000E+00 0.000000E+00
1.131778E+01 0.000000E+00 1.000000E+00 0.000000E+00 0.000000E+00
1.499919E+00 0.000000E+00 0.000000E+00 1.000000E+00 0.000000E+00
3.918567E-01 0.000000E+00 0.000000E+00 0.000000E+00 1.000000E+00
Ar f
7.569847E+00 1.000000E+00 0.000000E+00 0.000000E+00
1.279391E+00 0.000000E+00 1.000000E+00 0.000000E+00
5.068877E-01 0.000000E+00 0.000000E+00 1.000000E+00
Ar g
1.129544E+00 1.000000E+00
END
