#
# K.E. Yousaf and K.A. Peterson, Chem. Phys. Lett. 476, 303 (2009).
# Auxiliary RI (OptRI) matched to the aug-cc-pV(n+d)Z Quadruple- Basis Set for H
# This should be used within the CABS framework with the above orbital set
#

#BASIS SET:
H s
7.744478E+00 1.000000E+00 0.000000E+00 0.000000E+00 0.000000E+00
2.171468E+00 0.000000E+00 1.000000E+00 0.000000E+00 0.000000E+00
4.626660E-01 0.000000E+00 0.000000E+00 1.000000E+00 0.000000E+00
1.722015E-01 0.000000E+00 0.000000E+00 0.000000E+00 1.000000E+00
H p
1.109436E+01 1.000000E+00 0.000000E+00 0.000000E+00 0.000000E+00
7.317025E+00 0.000000E+00 1.000000E+00 0.000000E+00 0.000000E+00
1.259771E+00 0.000000E+00 0.000000E+00 1.000000E+00 0.000000E+00
5.442124E-01 0.000000E+00 0.000000E+00 0.000000E+00 1.000000E+00
H d
3.086886E+00 1.000000E+00 0.000000E+00 0.000000E+00
1.146690E+00 0.000000E+00 1.000000E+00 0.000000E+00
4.119373E-01 0.000000E+00 0.000000E+00 1.000000E+00
H f
2.250697E+00 1.000000E+00 0.000000E+00
7.980389E-01 0.000000E+00 1.000000E+00
H g
2.069345E+00 1.000000E+00 0.000000E+00
1.030651E+00 0.000000E+00 1.000000E+00
#BASIS SET:
He s
1.294081E+01 1.000000E+00 0.000000E+00 0.000000E+00 0.000000E+00
3.895435E+00 0.000000E+00 1.000000E+00 0.000000E+00 0.000000E+00
7.947012E-01 0.000000E+00 0.000000E+00 1.000000E+00 0.000000E+00
2.726456E-01 0.000000E+00 0.000000E+00 0.000000E+00 1.000000E+00
He p
1.738194E+01 1.000000E+00 0.000000E+00 0.000000E+00 0.000000E+00
1.159926E+01 0.000000E+00 1.000000E+00 0.000000E+00 0.000000E+00
2.604255E+00 0.000000E+00 0.000000E+00 1.000000E+00 0.000000E+00
8.469575E-01 0.000000E+00 0.000000E+00 0.000000E+00 1.000000E+00
He d
9.396833E+00 1.000000E+00 0.000000E+00 0.000000E+00
2.383851E+00 0.000000E+00 1.000000E+00 0.000000E+00
7.137544E-01 0.000000E+00 0.000000E+00 1.000000E+00
He f
4.232556E+00 1.000000E+00 0.000000E+00
1.596264E+00 0.000000E+00 1.000000E+00
He g
5.114223E+00 1.000000E+00 0.000000E+00
1.687875E+00 0.000000E+00 1.000000E+00
#BASIS SET:
B s
1.254695E+00 1.000000E+00 0.000000E+00 0.000000E+00 0.000000E+00
3.139116E-01 0.000000E+00 1.000000E+00 0.000000E+00 0.000000E+00
1.229488E-01 0.000000E+00 0.000000E+00 1.000000E+00 0.000000E+00
4.783721E-02 0.000000E+00 0.000000E+00 0.000000E+00 1.000000E+00
B p
2.510235E+00 1.000000E+00 0.000000E+00 0.000000E+00 0.000000E+00 0.000000E+00
1.113894E+00 0.000000E+00 1.000000E+00 0.000000E+00 0.000000E+00 0.000000E+00
3.362013E-01 0.000000E+00 0.000000E+00 1.000000E+00 0.000000E+00 0.000000E+00
9.686679E-02 0.000000E+00 0.000000E+00 0.000000E+00 1.000000E+00 0.000000E+00
2.818073E-02 0.000000E+00 0.000000E+00 0.000000E+00 0.000000E+00 1.000000E+00
B d
1.661603E+00 1.000000E+00 0.000000E+00 0.000000E+00 0.000000E+00
6.023613E-01 0.000000E+00 1.000000E+00 0.000000E+00 0.000000E+00
2.591434E-01 0.000000E+00 0.000000E+00 1.000000E+00 0.000000E+00
7.112518E-02 0.000000E+00 0.000000E+00 0.000000E+00 1.000000E+00
B f
2.320429E+00 1.000000E+00 0.000000E+00 0.000000E+00
5.883902E-01 0.000000E+00 1.000000E+00 0.000000E+00
2.075825E-01 0.000000E+00 0.000000E+00 1.000000E+00
B g
1.174695E+00 1.000000E+00 0.000000E+00
4.496016E-01 0.000000E+00 1.000000E+00
B h
7.715350E-01 1.000000E+00
#BASIS SET:
C s
1.924328E+00 1.000000E+00 0.000000E+00 0.000000E+00 0.000000E+00
4.328354E-01 0.000000E+00 1.000000E+00 0.000000E+00 0.000000E+00
1.658682E-01 0.000000E+00 0.000000E+00 1.000000E+00 0.000000E+00
6.231089E-02 0.000000E+00 0.000000E+00 0.000000E+00 1.000000E+00
C p
3.134944E+00 1.000000E+00 0.000000E+00 0.000000E+00 0.000000E+00 0.000000E+00
1.221757E+00 0.000000E+00 1.000000E+00 0.000000E+00 0.000000E+00 0.000000E+00
4.705919E-01 0.000000E+00 0.000000E+00 1.000000E+00 0.000000E+00 0.000000E+00
1.513108E-01 0.000000E+00 0.000000E+00 0.000000E+00 1.000000E+00 0.000000E+00
6.908478E-02 0.000000E+00 0.000000E+00 0.000000E+00 0.000000E+00 1.000000E+00
C d
3.110401E+00 1.000000E+00 0.000000E+00 0.000000E+00 0.000000E+00
1.234971E+00 0.000000E+00 1.000000E+00 0.000000E+00 0.000000E+00
3.390876E-01 0.000000E+00 0.000000E+00 1.000000E+00 0.000000E+00
1.146933E-01 0.000000E+00 0.000000E+00 0.000000E+00 1.000000E+00
C f
3.452225E+00 1.000000E+00 0.000000E+00 0.000000E+00
7.262476E-01 0.000000E+00 1.000000E+00 0.000000E+00
3.144251E-01 0.000000E+00 0.000000E+00 1.000000E+00
C g
2.190809E+00 1.000000E+00 0.000000E+00
6.759270E-01 0.000000E+00 1.000000E+00
C h
1.155657E+00 1.000000E+00
#BASIS SET:
N s
2.722026E+00 1.000000E+00 0.000000E+00 0.000000E+00 0.000000E+00
6.975338E-01 0.000000E+00 1.000000E+00 0.000000E+00 0.000000E+00
2.301426E-01 0.000000E+00 0.000000E+00 1.000000E+00 0.000000E+00
8.217797E-02 0.000000E+00 0.000000E+00 0.000000E+00 1.000000E+00
N p
5.121619E+00 1.000000E+00 0.000000E+00 0.000000E+00 0.000000E+00 0.000000E+00
1.751644E+00 0.000000E+00 1.000000E+00 0.000000E+00 0.000000E+00 0.000000E+00
6.243640E-01 0.000000E+00 0.000000E+00 1.000000E+00 0.000000E+00 0.000000E+00
2.134005E-01 0.000000E+00 0.000000E+00 0.000000E+00 1.000000E+00 0.000000E+00
8.678105E-02 0.000000E+00 0.000000E+00 0.000000E+00 0.000000E+00 1.000000E+00
N d
7.494220E+00 1.000000E+00 0.000000E+00 0.000000E+00 0.000000E+00
1.439989E+00 0.000000E+00 1.000000E+00 0.000000E+00 0.000000E+00
5.010471E-01 0.000000E+00 0.000000E+00 1.000000E+00 0.000000E+00
1.649943E-01 0.000000E+00 0.000000E+00 0.000000E+00 1.000000E+00
N f
4.926743E+00 1.000000E+00 0.000000E+00 0.000000E+00
1.025181E+00 0.000000E+00 1.000000E+00 0.000000E+00
3.668964E-01 0.000000E+00 0.000000E+00 1.000000E+00
N g
3.005374E+00 1.000000E+00 0.000000E+00
9.546386E-01 0.000000E+00 1.000000E+00
N h
1.731607E+00 1.000000E+00
#BASIS SET:
O s
3.180437E+00 1.000000E+00 0.000000E+00 0.000000E+00 0.000000E+00
8.484967E-01 0.000000E+00 1.000000E+00 0.000000E+00 0.000000E+00
3.180597E-01 0.000000E+00 0.000000E+00 1.000000E+00 0.000000E+00
1.094323E-01 0.000000E+00 0.000000E+00 0.000000E+00 1.000000E+00
O p
7.309328E+00 1.000000E+00 0.000000E+00 0.000000E+00 0.000000E+00 0.000000E+00
2.283963E+00 0.000000E+00 1.000000E+00 0.000000E+00 0.000000E+00 0.000000E+00
7.939457E-01 0.000000E+00 0.000000E+00 1.000000E+00 0.000000E+00 0.000000E+00
3.017472E-01 0.000000E+00 0.000000E+00 0.000000E+00 1.000000E+00 0.000000E+00
9.732969E-02 0.000000E+00 0.000000E+00 0.000000E+00 0.000000E+00 1.000000E+00
O d
1.125882E+01 1.000000E+00 0.000000E+00 0.000000E+00 0.000000E+00
2.142178E+00 0.000000E+00 1.000000E+00 0.000000E+00 0.000000E+00
7.940134E-01 0.000000E+00 0.000000E+00 1.000000E+00 0.000000E+00
2.655834E-01 0.000000E+00 0.000000E+00 0.000000E+00 1.000000E+00
O f
6.436393E+00 1.000000E+00 0.000000E+00 0.000000E+00
1.279062E+00 0.000000E+00 1.000000E+00 0.000000E+00
5.494642E-01 0.000000E+00 0.000000E+00 1.000000E+00
O g
4.257494E+00 1.000000E+00 0.000000E+00
1.089939E+00 0.000000E+00 1.000000E+00
O h
2.104959E+00 1.000000E+00
#BASIS SET:
F s
4.177405E+00 1.000000E+00 0.000000E+00 0.000000E+00 0.000000E+00
1.232046E+00 0.000000E+00 1.000000E+00 0.000000E+00 0.000000E+00
4.138868E-01 0.000000E+00 0.000000E+00 1.000000E+00 0.000000E+00
1.367702E-01 0.000000E+00 0.000000E+00 0.000000E+00 1.000000E+00
F p
9.834670E+00 1.000000E+00 0.000000E+00 0.000000E+00 0.000000E+00 0.000000E+00
3.338077E+00 0.000000E+00 1.000000E+00 0.000000E+00 0.000000E+00 0.000000E+00
1.002245E+00 0.000000E+00 0.000000E+00 1.000000E+00 0.000000E+00 0.000000E+00
3.818907E-01 0.000000E+00 0.000000E+00 0.000000E+00 1.000000E+00 0.000000E+00
1.391282E-01 0.000000E+00 0.000000E+00 0.000000E+00 0.000000E+00 1.000000E+00
F d
1.572987E+01 1.000000E+00 0.000000E+00 0.000000E+00 0.000000E+00
3.320179E+00 0.000000E+00 1.000000E+00 0.000000E+00 0.000000E+00
9.974363E-01 0.000000E+00 0.000000E+00 1.000000E+00 0.000000E+00
3.183436E-01 0.000000E+00 0.000000E+00 0.000000E+00 1.000000E+00
F f
8.647045E+00 1.000000E+00 0.000000E+00 0.000000E+00
1.712357E+00 0.000000E+00 1.000000E+00 0.000000E+00
7.430642E-01 0.000000E+00 0.000000E+00 1.000000E+00
F g
5.657813E+00 1.000000E+00 0.000000E+00
1.384231E+00 0.000000E+00 1.000000E+00
F h
2.682058E+00 1.000000E+00
#BASIS SET:
Ne s
5.486898E+00 1.000000E+00 0.000000E+00 0.000000E+00 0.000000E+00
1.508968E+00 0.000000E+00 1.000000E+00 0.000000E+00 0.000000E+00
5.161533E-01 0.000000E+00 0.000000E+00 1.000000E+00 0.000000E+00
2.164324E-01 0.000000E+00 0.000000E+00 0.000000E+00 1.000000E+00
Ne p
1.235960E+01 1.000000E+00 0.000000E+00 0.000000E+00 0.000000E+00 0.000000E+00
4.497663E+00 0.000000E+00 1.000000E+00 0.000000E+00 0.000000E+00 0.000000E+00
1.265406E+00 0.000000E+00 0.000000E+00 1.000000E+00 0.000000E+00 0.000000E+00
4.371855E-01 0.000000E+00 0.000000E+00 0.000000E+00 1.000000E+00 0.000000E+00
1.224015E-01 0.000000E+00 0.000000E+00 0.000000E+00 0.000000E+00 1.000000E+00
Ne d
2.090960E+01 1.000000E+00 0.000000E+00 0.000000E+00 0.000000E+00
3.724825E+00 0.000000E+00 1.000000E+00 0.000000E+00 0.000000E+00
1.343877E+00 0.000000E+00 0.000000E+00 1.000000E+00 0.000000E+00
4.094608E-01 0.000000E+00 0.000000E+00 0.000000E+00 1.000000E+00
Ne f
1.134046E+01 1.000000E+00 0.000000E+00 0.000000E+00
2.270786E+00 0.000000E+00 1.000000E+00 0.000000E+00
1.024558E+00 0.000000E+00 0.000000E+00 1.000000E+00
Ne g
7.397812E+00 1.000000E+00 0.000000E+00
1.994997E+00 0.000000E+00 1.000000E+00
Ne h
3.378981E+00 1.000000E+00
#BASIS SET:
Al s
4.645100E+00 1.000000E+00 0.000000E+00 0.000000E+00 0.000000E+00 0.000000E+00
1.057705E+00 0.000000E+00 1.000000E+00 0.000000E+00 0.000000E+00 0.000000E+00
4.654761E-01 0.000000E+00 0.000000E+00 1.000000E+00 0.000000E+00 0.000000E+00
1.705878E-01 0.000000E+00 0.000000E+00 0.000000E+00 1.000000E+00 0.000000E+00
7.532195E-02 0.000000E+00 0.000000E+00 0.000000E+00 0.000000E+00 1.000000E+00
Al p
8.477891E+00 1.000000E+00 0.000000E+00 0.000000E+00 0.000000E+00 0.000000E+00
2.648159E+00 0.000000E+00 1.000000E+00 0.000000E+00 0.000000E+00 0.000000E+00
8.619475E-01 0.000000E+00 0.000000E+00 1.000000E+00 0.000000E+00 0.000000E+00
5.741504E-01 0.000000E+00 0.000000E+00 0.000000E+00 1.000000E+00 0.000000E+00
1.648894E-01 0.000000E+00 0.000000E+00 0.000000E+00 0.000000E+00 1.000000E+00
Al d
9.824003E+00 1.000000E+00 0.000000E+00 0.000000E+00 0.000000E+00
3.794493E+00 0.000000E+00 1.000000E+00 0.000000E+00 0.000000E+00
7.324452E-01 0.000000E+00 0.000000E+00 1.000000E+00 0.000000E+00
2.917771E-01 0.000000E+00 0.000000E+00 0.000000E+00 1.000000E+00
Al f
2.157374E+00 1.000000E+00 0.000000E+00 0.000000E+00
2.676465E-01 0.000000E+00 1.000000E+00 0.000000E+00
9.790538E-02 0.000000E+00 0.000000E+00 1.000000E+00
Al g
5.342439E-01 1.000000E+00 0.000000E+00
2.383395E-01 0.000000E+00 1.000000E+00
Al h
4.025269E-01 1.000000E+00
#BASIS SET:
Si s
6.831098E+00 1.000000E+00 0.000000E+00 0.000000E+00 0.000000E+00 0.000000E+00
1.408578E+00 0.000000E+00 1.000000E+00 0.000000E+00 0.000000E+00 0.000000E+00
5.580082E-01 0.000000E+00 0.000000E+00 1.000000E+00 0.000000E+00 0.000000E+00
2.472682E-01 0.000000E+00 0.000000E+00 0.000000E+00 1.000000E+00 0.000000E+00
1.130086E-01 0.000000E+00 0.000000E+00 0.000000E+00 0.000000E+00 1.000000E+00
Si p
1.132309E+01 1.000000E+00 0.000000E+00 0.000000E+00 0.000000E+00 0.000000E+00
4.203718E+00 0.000000E+00 1.000000E+00 0.000000E+00 0.000000E+00 0.000000E+00
9.957113E-01 0.000000E+00 0.000000E+00 1.000000E+00 0.000000E+00 0.000000E+00
6.133263E-01 0.000000E+00 0.000000E+00 0.000000E+00 1.000000E+00 0.000000E+00
2.514640E-01 0.000000E+00 0.000000E+00 0.000000E+00 0.000000E+00 1.000000E+00
Si d
1.270346E+01 1.000000E+00 0.000000E+00 0.000000E+00 0.000000E+00
3.980482E+00 0.000000E+00 1.000000E+00 0.000000E+00 0.000000E+00
9.141625E-01 0.000000E+00 0.000000E+00 1.000000E+00 0.000000E+00
4.059278E-01 0.000000E+00 0.000000E+00 0.000000E+00 1.000000E+00
Si f
3.001990E+00 1.000000E+00 0.000000E+00 0.000000E+00
3.616147E-01 0.000000E+00 1.000000E+00 0.000000E+00
1.412997E-01 0.000000E+00 0.000000E+00 1.000000E+00
Si g
6.891273E-01 1.000000E+00 0.000000E+00
3.130782E-01 0.000000E+00 1.000000E+00
Si h
5.383671E-01 1.000000E+00
#BASIS SET:
P s
1.063375E+01 1.000000E+00 0.000000E+00 0.000000E+00 0.000000E+00 0.000000E+00
1.709283E+00 0.000000E+00 1.000000E+00 0.000000E+00 0.000000E+00 0.000000E+00
7.460733E-01 0.000000E+00 0.000000E+00 1.000000E+00 0.000000E+00 0.000000E+00
3.328648E-01 0.000000E+00 0.000000E+00 0.000000E+00 1.000000E+00 0.000000E+00
1.398463E-01 0.000000E+00 0.000000E+00 0.000000E+00 0.000000E+00 1.000000E+00
P p
1.557718E+01 1.000000E+00 0.000000E+00 0.000000E+00 0.000000E+00 0.000000E+00
6.900878E+00 0.000000E+00 1.000000E+00 0.000000E+00 0.000000E+00 0.000000E+00
1.503643E+00 0.000000E+00 0.000000E+00 1.000000E+00 0.000000E+00 0.000000E+00
8.394805E-01 0.000000E+00 0.000000E+00 0.000000E+00 1.000000E+00 0.000000E+00
3.147842E-01 0.000000E+00 0.000000E+00 0.000000E+00 0.000000E+00 1.000000E+00
P d
2.105815E+01 1.000000E+00 0.000000E+00 0.000000E+00 0.000000E+00
5.928729E+00 0.000000E+00 1.000000E+00 0.000000E+00 0.000000E+00
1.525675E+00 0.000000E+00 0.000000E+00 1.000000E+00 0.000000E+00
5.426733E-01 0.000000E+00 0.000000E+00 0.000000E+00 1.000000E+00
P f
4.171852E+00 1.000000E+00 0.000000E+00 0.000000E+00
4.698425E-01 0.000000E+00 1.000000E+00 0.000000E+00
1.849512E-01 0.000000E+00 0.000000E+00 1.000000E+00
P g
8.909170E-01 1.000000E+00 0.000000E+00
3.980391E-01 0.000000E+00 1.000000E+00
P h
7.072552E-01 1.000000E+00
#BASIS SET:
S s
1.321874E+01 1.000000E+00 0.000000E+00 0.000000E+00 0.000000E+00 0.000000E+00
2.081610E+00 0.000000E+00 1.000000E+00 0.000000E+00 0.000000E+00 0.000000E+00
9.798038E-01 0.000000E+00 0.000000E+00 1.000000E+00 0.000000E+00 0.000000E+00
4.238753E-01 0.000000E+00 0.000000E+00 0.000000E+00 1.000000E+00 0.000000E+00
1.906110E-01 0.000000E+00 0.000000E+00 0.000000E+00 0.000000E+00 1.000000E+00
S p
1.575125E+01 1.000000E+00 0.000000E+00 0.000000E+00 0.000000E+00 0.000000E+00
8.867824E+00 0.000000E+00 1.000000E+00 0.000000E+00 0.000000E+00 0.000000E+00
1.725148E+00 0.000000E+00 0.000000E+00 1.000000E+00 0.000000E+00 0.000000E+00
1.128232E+00 0.000000E+00 0.000000E+00 0.000000E+00 1.000000E+00 0.000000E+00
3.710603E-01 0.000000E+00 0.000000E+00 0.000000E+00 0.000000E+00 1.000000E+00
S d
2.608506E+01 1.000000E+00 0.000000E+00 0.000000E+00 0.000000E+00
6.805046E+00 0.000000E+00 1.000000E+00 0.000000E+00 0.000000E+00
2.043668E+00 0.000000E+00 0.000000E+00 1.000000E+00 0.000000E+00
6.866712E-01 0.000000E+00 0.000000E+00 0.000000E+00 1.000000E+00
S f
5.242023E+00 1.000000E+00 0.000000E+00 0.000000E+00
5.823140E-01 0.000000E+00 1.000000E+00 0.000000E+00
2.233777E-01 0.000000E+00 0.000000E+00 1.000000E+00
S g
1.016802E+00 1.000000E+00 0.000000E+00
4.554822E-01 0.000000E+00 1.000000E+00
S h
8.833011E-01 1.000000E+00
#BASIS SET:
Cl s
1.529169E+01 1.000000E+00 0.000000E+00 0.000000E+00 0.000000E+00 0.000000E+00
2.371207E+00 0.000000E+00 1.000000E+00 0.000000E+00 0.000000E+00 0.000000E+00
1.312610E+00 0.000000E+00 0.000000E+00 1.000000E+00 0.000000E+00 0.000000E+00
5.240917E-01 0.000000E+00 0.000000E+00 0.000000E+00 1.000000E+00 0.000000E+00
2.293530E-01 0.000000E+00 0.000000E+00 0.000000E+00 0.000000E+00 1.000000E+00
Cl p
1.747006E+01 1.000000E+00 0.000000E+00 0.000000E+00 0.000000E+00 0.000000E+00
1.166848E+01 0.000000E+00 1.000000E+00 0.000000E+00 0.000000E+00 0.000000E+00
1.951193E+00 0.000000E+00 0.000000E+00 1.000000E+00 0.000000E+00 0.000000E+00
1.303469E+00 0.000000E+00 0.000000E+00 0.000000E+00 1.000000E+00 0.000000E+00
4.496336E-01 0.000000E+00 0.000000E+00 0.000000E+00 0.000000E+00 1.000000E+00
Cl d
2.859745E+01 1.000000E+00 0.000000E+00 0.000000E+00 0.000000E+00
8.482235E+00 0.000000E+00 1.000000E+00 0.000000E+00 0.000000E+00
2.844324E+00 0.000000E+00 0.000000E+00 1.000000E+00 0.000000E+00
8.638058E-01 0.000000E+00 0.000000E+00 0.000000E+00 1.000000E+00
Cl f
6.458930E+00 1.000000E+00 0.000000E+00 0.000000E+00
7.289679E-01 0.000000E+00 1.000000E+00 0.000000E+00
3.030926E-01 0.000000E+00 0.000000E+00 1.000000E+00
Cl g
1.229273E+00 1.000000E+00 0.000000E+00
5.600765E-01 0.000000E+00 1.000000E+00
Cl h
1.074615E+00 1.000000E+00
#BASIS SET:
Ar s
1.897960E+01 1.000000E+00 0.000000E+00 0.000000E+00 0.000000E+00 0.000000E+00
4.141189E+00 0.000000E+00 1.000000E+00 0.000000E+00 0.000000E+00 0.000000E+00
2.166495E+00 0.000000E+00 0.000000E+00 1.000000E+00 0.000000E+00 0.000000E+00
6.317630E-01 0.000000E+00 0.000000E+00 0.000000E+00 1.000000E+00 0.000000E+00
2.565244E-01 0.000000E+00 0.000000E+00 0.000000E+00 0.000000E+00 1.000000E+00
Ar p
2.316913E+01 1.000000E+00 0.000000E+00 0.000000E+00 0.000000E+00 0.000000E+00
9.986858E+00 0.000000E+00 1.000000E+00 0.000000E+00 0.000000E+00 0.000000E+00
2.632467E+00 0.000000E+00 0.000000E+00 1.000000E+00 0.000000E+00 0.000000E+00
1.276723E+00 0.000000E+00 0.000000E+00 0.000000E+00 1.000000E+00 0.000000E+00
5.032809E-01 0.000000E+00 0.000000E+00 0.000000E+00 0.000000E+00 1.000000E+00
Ar d
3.207818E+01 1.000000E+00 0.000000E+00 0.000000E+00 0.000000E+00
9.465724E+00 0.000000E+00 1.000000E+00 0.000000E+00 0.000000E+00
2.813495E+00 0.000000E+00 0.000000E+00 1.000000E+00 0.000000E+00
1.058513E+00 0.000000E+00 0.000000E+00 0.000000E+00 1.000000E+00
Ar f
7.912464E+00 1.000000E+00 0.000000E+00 0.000000E+00
8.891883E-01 0.000000E+00 1.000000E+00 0.000000E+00
3.994815E-01 0.000000E+00 0.000000E+00 1.000000E+00
Ar g
1.491626E+00 1.000000E+00 0.000000E+00
6.807726E-01 0.000000E+00 1.000000E+00
Ar h
1.313584E+00 1.000000E+00
END
