#
# K.E. Yousaf and K.A. Peterson, Chem. Phys. Lett. 476, 303 (2009).
# Auxiliary RI (OptRI) matched to the aug-cc-pV(n+d)Z Triple- Basis Set for H
# This should be used within the CABS framework with the above orbital set
#

#BASIS SET:
H s
1.747055E+00 1.000000E+00 0.000000E+00 0.000000E+00
4.888246E-01 0.000000E+00 1.000000E+00 0.000000E+00
2.076744E-01 0.000000E+00 0.000000E+00 1.000000E+00
H p
4.837096E+00 1.000000E+00 0.000000E+00 0.000000E+00
2.114191E+00 0.000000E+00 1.000000E+00 0.000000E+00
7.026262E-01 0.000000E+00 0.000000E+00 1.000000E+00
H d
1.784914E+00 1.000000E+00 0.000000E+00
6.175128E-01 0.000000E+00 1.000000E+00
H f
1.918725E+00 1.000000E+00
#BASIS SET:
He s
4.776651E+00 1.000000E+00 0.000000E+00 0.000000E+00
1.027396E+00 0.000000E+00 1.000000E+00 0.000000E+00
3.124061E-01 0.000000E+00 0.000000E+00 1.000000E+00
He p
7.701178E+00 1.000000E+00 0.000000E+00 0.000000E+00
2.031392E+00 0.000000E+00 1.000000E+00 0.000000E+00
1.190654E-01 0.000000E+00 0.000000E+00 1.000000E+00
He d
4.541227E+00 1.000000E+00 0.000000E+00
1.047808E+00 0.000000E+00 1.000000E+00
He f
2.427512E+00 1.000000E+00
#BASIS SET:
B s
2.267148E+00 1.000000E+00 0.000000E+00 0.000000E+00 0.000000E+00
8.800786E-01 0.000000E+00 1.000000E+00 0.000000E+00 0.000000E+00
2.447876E-01 0.000000E+00 0.000000E+00 1.000000E+00 0.000000E+00
4.616356E-02 0.000000E+00 0.000000E+00 0.000000E+00 1.000000E+00
B p
2.484142E+00 1.000000E+00 0.000000E+00 0.000000E+00 0.000000E+00 0.000000E+00
7.528548E-01 0.000000E+00 1.000000E+00 0.000000E+00 0.000000E+00 0.000000E+00
4.190737E-01 0.000000E+00 0.000000E+00 1.000000E+00 0.000000E+00 0.000000E+00
1.156076E-01 0.000000E+00 0.000000E+00 0.000000E+00 1.000000E+00 0.000000E+00
4.011570E-02 0.000000E+00 0.000000E+00 0.000000E+00 0.000000E+00 1.000000E+00
B d
4.847375E+00 1.000000E+00 0.000000E+00 0.000000E+00 0.000000E+00
1.397498E+00 0.000000E+00 1.000000E+00 0.000000E+00 0.000000E+00
3.936637E-01 0.000000E+00 0.000000E+00 1.000000E+00 0.000000E+00
9.086446E-02 0.000000E+00 0.000000E+00 0.000000E+00 1.000000E+00
B f
1.884032E+00 1.000000E+00 0.000000E+00 0.000000E+00
8.787795E-01 0.000000E+00 1.000000E+00 0.000000E+00
2.700713E-01 0.000000E+00 0.000000E+00 1.000000E+00
B g
1.022372E+00 1.000000E+00 0.000000E+00
3.753308E-01 0.000000E+00 1.000000E+00
#BASIS SET:
C s
3.964205E+00 1.000000E+00 0.000000E+00 0.000000E+00 0.000000E+00
1.350899E+00 0.000000E+00 1.000000E+00 0.000000E+00 0.000000E+00
3.471601E-01 0.000000E+00 0.000000E+00 1.000000E+00 0.000000E+00
7.129558E-02 0.000000E+00 0.000000E+00 0.000000E+00 1.000000E+00
C p
3.363437E+00 1.000000E+00 0.000000E+00 0.000000E+00 0.000000E+00 0.000000E+00
1.079380E+00 0.000000E+00 1.000000E+00 0.000000E+00 0.000000E+00 0.000000E+00
5.719811E-01 0.000000E+00 0.000000E+00 1.000000E+00 0.000000E+00 0.000000E+00
1.805508E-01 0.000000E+00 0.000000E+00 0.000000E+00 1.000000E+00 0.000000E+00
5.362891E-02 0.000000E+00 0.000000E+00 0.000000E+00 0.000000E+00 1.000000E+00
C d
4.948435E+00 1.000000E+00 0.000000E+00 0.000000E+00 0.000000E+00
2.042078E+00 0.000000E+00 1.000000E+00 0.000000E+00 0.000000E+00
4.992050E-01 0.000000E+00 0.000000E+00 1.000000E+00 0.000000E+00
1.497377E-01 0.000000E+00 0.000000E+00 0.000000E+00 1.000000E+00
C f
3.489720E+00 1.000000E+00 0.000000E+00 0.000000E+00
1.360408E+00 0.000000E+00 1.000000E+00 0.000000E+00
5.069687E-01 0.000000E+00 0.000000E+00 1.000000E+00
C g
1.603084E+00 1.000000E+00 0.000000E+00
5.832311E-01 0.000000E+00 1.000000E+00
#BASIS SET:
N s
5.847742E+00 1.000000E+00 0.000000E+00 0.000000E+00 0.000000E+00
2.000155E+00 0.000000E+00 1.000000E+00 0.000000E+00 0.000000E+00
4.941383E-01 0.000000E+00 0.000000E+00 1.000000E+00 0.000000E+00
8.638474E-02 0.000000E+00 0.000000E+00 0.000000E+00 1.000000E+00
N p
4.446368E+00 1.000000E+00 0.000000E+00 0.000000E+00 0.000000E+00 0.000000E+00
1.454894E+00 0.000000E+00 1.000000E+00 0.000000E+00 0.000000E+00 0.000000E+00
8.850867E-01 0.000000E+00 0.000000E+00 1.000000E+00 0.000000E+00 0.000000E+00
2.580346E-01 0.000000E+00 0.000000E+00 0.000000E+00 1.000000E+00 0.000000E+00
7.345242E-02 0.000000E+00 0.000000E+00 0.000000E+00 0.000000E+00 1.000000E+00
N d
7.983611E+00 1.000000E+00 0.000000E+00 0.000000E+00 0.000000E+00
3.426808E+00 0.000000E+00 1.000000E+00 0.000000E+00 0.000000E+00
7.908444E-01 0.000000E+00 0.000000E+00 1.000000E+00 0.000000E+00
2.395991E-01 0.000000E+00 0.000000E+00 0.000000E+00 1.000000E+00
N f
5.404035E+00 1.000000E+00 0.000000E+00 0.000000E+00
2.024177E+00 0.000000E+00 1.000000E+00 0.000000E+00
7.290710E-01 0.000000E+00 0.000000E+00 1.000000E+00
N g
2.528677E+00 1.000000E+00 0.000000E+00
9.505394E-01 0.000000E+00 1.000000E+00
#BASIS SET:
O s
1.135258E+01 1.000000E+00 0.000000E+00 0.000000E+00 0.000000E+00
3.375893E+00 0.000000E+00 1.000000E+00 0.000000E+00 0.000000E+00
4.533015E-01 0.000000E+00 0.000000E+00 1.000000E+00 0.000000E+00
1.104366E-01 0.000000E+00 0.000000E+00 0.000000E+00 1.000000E+00
O p
5.456091E+00 1.000000E+00 0.000000E+00 0.000000E+00 0.000000E+00 0.000000E+00
2.352584E+00 0.000000E+00 1.000000E+00 0.000000E+00 0.000000E+00 0.000000E+00
1.067952E+00 0.000000E+00 0.000000E+00 1.000000E+00 0.000000E+00 0.000000E+00
3.301448E-01 0.000000E+00 0.000000E+00 0.000000E+00 1.000000E+00 0.000000E+00
8.936806E-02 0.000000E+00 0.000000E+00 0.000000E+00 0.000000E+00 1.000000E+00
O d
1.206985E+01 1.000000E+00 0.000000E+00 0.000000E+00 0.000000E+00
4.278700E+00 0.000000E+00 1.000000E+00 0.000000E+00 0.000000E+00
1.374781E+00 0.000000E+00 0.000000E+00 1.000000E+00 0.000000E+00
3.193272E-01 0.000000E+00 0.000000E+00 0.000000E+00 1.000000E+00
O f
6.915251E+00 1.000000E+00 0.000000E+00 0.000000E+00
3.242493E+00 0.000000E+00 1.000000E+00 0.000000E+00
7.499346E-01 0.000000E+00 0.000000E+00 1.000000E+00
O g
3.141319E+00 1.000000E+00 0.000000E+00
1.075471E+00 0.000000E+00 1.000000E+00
#BASIS SET:
F s
1.624909E+01 1.000000E+00 0.000000E+00 0.000000E+00 0.000000E+00
3.381420E+00 0.000000E+00 1.000000E+00 0.000000E+00 0.000000E+00
1.099688E+00 0.000000E+00 0.000000E+00 1.000000E+00 0.000000E+00
1.373011E-01 0.000000E+00 0.000000E+00 0.000000E+00 1.000000E+00
F p
7.665794E+00 1.000000E+00 0.000000E+00 0.000000E+00 0.000000E+00 0.000000E+00
3.019615E+00 0.000000E+00 1.000000E+00 0.000000E+00 0.000000E+00 0.000000E+00
1.362993E+00 0.000000E+00 0.000000E+00 1.000000E+00 0.000000E+00 0.000000E+00
4.042330E-01 0.000000E+00 0.000000E+00 0.000000E+00 1.000000E+00 0.000000E+00
1.517171E-01 0.000000E+00 0.000000E+00 0.000000E+00 0.000000E+00 1.000000E+00
F d
1.621777E+01 1.000000E+00 0.000000E+00 0.000000E+00 0.000000E+00
5.699914E+00 0.000000E+00 1.000000E+00 0.000000E+00 0.000000E+00
2.022714E+00 0.000000E+00 0.000000E+00 1.000000E+00 0.000000E+00
4.381948E-01 0.000000E+00 0.000000E+00 0.000000E+00 1.000000E+00
F f
9.812891E+00 1.000000E+00 0.000000E+00 0.000000E+00
4.811831E+00 0.000000E+00 1.000000E+00 0.000000E+00
1.080721E+00 0.000000E+00 0.000000E+00 1.000000E+00
F g
4.053499E+00 1.000000E+00 0.000000E+00
1.357907E+00 0.000000E+00 1.000000E+00
#BASIS SET:
Ne s
2.176387E+01 1.000000E+00 0.000000E+00 0.000000E+00 0.000000E+00
4.456460E+00 0.000000E+00 1.000000E+00 0.000000E+00 0.000000E+00
1.479929E+00 0.000000E+00 0.000000E+00 1.000000E+00 0.000000E+00
2.236741E-01 0.000000E+00 0.000000E+00 0.000000E+00 1.000000E+00
Ne p
8.815020E+00 1.000000E+00 0.000000E+00 0.000000E+00 0.000000E+00 0.000000E+00
3.511011E+00 0.000000E+00 1.000000E+00 0.000000E+00 0.000000E+00 0.000000E+00
1.704388E+00 0.000000E+00 0.000000E+00 1.000000E+00 0.000000E+00 0.000000E+00
5.458349E-01 0.000000E+00 0.000000E+00 0.000000E+00 1.000000E+00 0.000000E+00
2.194278E-01 0.000000E+00 0.000000E+00 0.000000E+00 0.000000E+00 1.000000E+00
Ne d
3.602601E+01 1.000000E+00 0.000000E+00 0.000000E+00 0.000000E+00
1.105923E+01 0.000000E+00 1.000000E+00 0.000000E+00 0.000000E+00
1.765949E+00 0.000000E+00 0.000000E+00 1.000000E+00 0.000000E+00
6.389530E-01 0.000000E+00 0.000000E+00 0.000000E+00 1.000000E+00
Ne f
1.303629E+01 1.000000E+00 0.000000E+00 0.000000E+00
7.603179E+00 0.000000E+00 1.000000E+00 0.000000E+00
1.602553E+00 0.000000E+00 0.000000E+00 1.000000E+00
Ne g
5.187853E+00 1.000000E+00 0.000000E+00
1.799476E+00 0.000000E+00 1.000000E+00
#BASIS SET:
Al s
3.952282E+00 1.000000E+00 0.000000E+00 0.000000E+00 0.000000E+00
4.992660E-01 0.000000E+00 1.000000E+00 0.000000E+00 0.000000E+00
1.136132E-01 0.000000E+00 0.000000E+00 1.000000E+00 0.000000E+00
3.420212E-02 0.000000E+00 0.000000E+00 0.000000E+00 1.000000E+00
Al p
4.322684E+00 1.000000E+00 0.000000E+00 0.000000E+00 0.000000E+00 0.000000E+00
1.979490E+00 0.000000E+00 1.000000E+00 0.000000E+00 0.000000E+00 0.000000E+00
1.322900E+00 0.000000E+00 0.000000E+00 1.000000E+00 0.000000E+00 0.000000E+00
4.387023E-01 0.000000E+00 0.000000E+00 0.000000E+00 1.000000E+00 0.000000E+00
3.058855E-02 0.000000E+00 0.000000E+00 0.000000E+00 0.000000E+00 1.000000E+00
Al d
9.286228E+00 1.000000E+00 0.000000E+00 0.000000E+00 0.000000E+00
2.352338E+00 0.000000E+00 1.000000E+00 0.000000E+00 0.000000E+00
4.988176E-01 0.000000E+00 0.000000E+00 1.000000E+00 0.000000E+00
1.663918E-01 0.000000E+00 0.000000E+00 0.000000E+00 1.000000E+00
Al f
1.324176E+00 1.000000E+00 0.000000E+00 0.000000E+00
4.109695E-01 0.000000E+00 1.000000E+00 0.000000E+00
1.506401E-01 0.000000E+00 0.000000E+00 1.000000E+00
Al g
4.818548E-01 1.000000E+00 0.000000E+00
2.259167E-01 0.000000E+00 1.000000E+00
#BASIS SET:
Si s
6.578274E+00 1.000000E+00 0.000000E+00 0.000000E+00 0.000000E+00
7.017365E-01 0.000000E+00 1.000000E+00 0.000000E+00 0.000000E+00
1.676996E-01 0.000000E+00 0.000000E+00 1.000000E+00 0.000000E+00
5.118217E-02 0.000000E+00 0.000000E+00 0.000000E+00 1.000000E+00
Si p
7.207158E+00 1.000000E+00 0.000000E+00 0.000000E+00 0.000000E+00 0.000000E+00
2.187849E+00 0.000000E+00 1.000000E+00 0.000000E+00 0.000000E+00 0.000000E+00
1.368245E+00 0.000000E+00 0.000000E+00 1.000000E+00 0.000000E+00 0.000000E+00
3.834364E-01 0.000000E+00 0.000000E+00 0.000000E+00 1.000000E+00 0.000000E+00
3.993457E-02 0.000000E+00 0.000000E+00 0.000000E+00 0.000000E+00 1.000000E+00
Si d
1.006541E+01 1.000000E+00 0.000000E+00 0.000000E+00 0.000000E+00
4.141608E+00 0.000000E+00 1.000000E+00 0.000000E+00 0.000000E+00
9.188207E-01 0.000000E+00 0.000000E+00 1.000000E+00 0.000000E+00
2.559088E-01 0.000000E+00 0.000000E+00 0.000000E+00 1.000000E+00
Si f
2.919056E+00 1.000000E+00 0.000000E+00 0.000000E+00
5.155121E-01 0.000000E+00 1.000000E+00 0.000000E+00
2.244168E-01 0.000000E+00 0.000000E+00 1.000000E+00
Si g
6.519087E-01 1.000000E+00 0.000000E+00
3.176700E-01 0.000000E+00 1.000000E+00
#BASIS SET:
P s
8.232440E+00 1.000000E+00 0.000000E+00 0.000000E+00 0.000000E+00
1.403430E+00 0.000000E+00 1.000000E+00 0.000000E+00 0.000000E+00
3.101869E-01 0.000000E+00 0.000000E+00 1.000000E+00 0.000000E+00
6.604274E-02 0.000000E+00 0.000000E+00 0.000000E+00 1.000000E+00
P p
9.677877E+00 1.000000E+00 0.000000E+00 0.000000E+00 0.000000E+00 0.000000E+00
2.525370E+00 0.000000E+00 1.000000E+00 0.000000E+00 0.000000E+00 0.000000E+00
1.201306E+00 0.000000E+00 0.000000E+00 1.000000E+00 0.000000E+00 0.000000E+00
3.966696E-01 0.000000E+00 0.000000E+00 0.000000E+00 1.000000E+00 0.000000E+00
4.599691E-02 0.000000E+00 0.000000E+00 0.000000E+00 0.000000E+00 1.000000E+00
P d
1.364866E+01 1.000000E+00 0.000000E+00 0.000000E+00 0.000000E+00
4.667881E+00 0.000000E+00 1.000000E+00 0.000000E+00 0.000000E+00
2.079338E+00 0.000000E+00 0.000000E+00 1.000000E+00 0.000000E+00
3.266953E-01 0.000000E+00 0.000000E+00 0.000000E+00 1.000000E+00
P f
4.252536E+00 1.000000E+00 0.000000E+00 0.000000E+00
6.887659E-01 0.000000E+00 1.000000E+00 0.000000E+00
3.019802E-01 0.000000E+00 0.000000E+00 1.000000E+00
P g
8.484669E-01 1.000000E+00 0.000000E+00
4.037328E-01 0.000000E+00 1.000000E+00
#BASIS SET:
S s
7.154448E+00 1.000000E+00 0.000000E+00 0.000000E+00 0.000000E+00
1.705679E+00 0.000000E+00 1.000000E+00 0.000000E+00 0.000000E+00
3.879646E-01 0.000000E+00 0.000000E+00 1.000000E+00 0.000000E+00
7.994920E-02 0.000000E+00 0.000000E+00 0.000000E+00 1.000000E+00
S p
1.234307E+01 1.000000E+00 0.000000E+00 0.000000E+00 0.000000E+00 0.000000E+00
3.496947E+00 0.000000E+00 1.000000E+00 0.000000E+00 0.000000E+00 0.000000E+00
1.630397E+00 0.000000E+00 0.000000E+00 1.000000E+00 0.000000E+00 0.000000E+00
5.394127E-01 0.000000E+00 0.000000E+00 0.000000E+00 1.000000E+00 0.000000E+00
5.646997E-02 0.000000E+00 0.000000E+00 0.000000E+00 0.000000E+00 1.000000E+00
S d
1.929014E+01 1.000000E+00 0.000000E+00 0.000000E+00 0.000000E+00
7.371754E+00 0.000000E+00 1.000000E+00 0.000000E+00 0.000000E+00
1.876286E+00 0.000000E+00 0.000000E+00 1.000000E+00 0.000000E+00
4.365223E-01 0.000000E+00 0.000000E+00 0.000000E+00 1.000000E+00
S f
5.439897E+00 1.000000E+00 0.000000E+00 0.000000E+00
8.572979E-01 0.000000E+00 1.000000E+00 0.000000E+00
3.723605E-01 0.000000E+00 0.000000E+00 1.000000E+00
S g
1.051297E+00 1.000000E+00 0.000000E+00
4.871735E-01 0.000000E+00 1.000000E+00
#BASIS SET:
Cl s
7.615912E+00 1.000000E+00 0.000000E+00 0.000000E+00 0.000000E+00
1.700931E+00 0.000000E+00 1.000000E+00 0.000000E+00 0.000000E+00
4.736954E-01 0.000000E+00 0.000000E+00 1.000000E+00 0.000000E+00
1.084977E-01 0.000000E+00 0.000000E+00 0.000000E+00 1.000000E+00
Cl p
1.383896E+01 1.000000E+00 0.000000E+00 0.000000E+00 0.000000E+00 0.000000E+00
4.170520E+00 0.000000E+00 1.000000E+00 0.000000E+00 0.000000E+00 0.000000E+00
1.962492E+00 0.000000E+00 0.000000E+00 1.000000E+00 0.000000E+00 0.000000E+00
5.556278E-01 0.000000E+00 0.000000E+00 0.000000E+00 1.000000E+00 0.000000E+00
8.473860E-02 0.000000E+00 0.000000E+00 0.000000E+00 0.000000E+00 1.000000E+00
Cl d
2.487505E+01 1.000000E+00 0.000000E+00 0.000000E+00 0.000000E+00
1.008037E+01 0.000000E+00 1.000000E+00 0.000000E+00 0.000000E+00
2.023674E+00 0.000000E+00 0.000000E+00 1.000000E+00 0.000000E+00
5.084737E-01 0.000000E+00 0.000000E+00 0.000000E+00 1.000000E+00
Cl f
6.853132E+00 1.000000E+00 0.000000E+00 0.000000E+00
1.062528E+00 0.000000E+00 1.000000E+00 0.000000E+00
4.718520E-01 0.000000E+00 0.000000E+00 1.000000E+00
Cl g
1.289118E+00 1.000000E+00 0.000000E+00
5.923204E-01 0.000000E+00 1.000000E+00
#BASIS SET:
Ar s
8.614465E+00 1.000000E+00 0.000000E+00 0.000000E+00 0.000000E+00
1.892743E+00 0.000000E+00 1.000000E+00 0.000000E+00 0.000000E+00
5.698374E-01 0.000000E+00 0.000000E+00 1.000000E+00 0.000000E+00
1.306556E-01 0.000000E+00 0.000000E+00 0.000000E+00 1.000000E+00
Ar p
1.682437E+01 1.000000E+00 0.000000E+00 0.000000E+00 0.000000E+00 0.000000E+00
6.300682E+00 0.000000E+00 1.000000E+00 0.000000E+00 0.000000E+00 0.000000E+00
2.806949E+00 0.000000E+00 0.000000E+00 1.000000E+00 0.000000E+00 0.000000E+00
5.350506E-01 0.000000E+00 0.000000E+00 0.000000E+00 1.000000E+00 0.000000E+00
8.259476E-02 0.000000E+00 0.000000E+00 0.000000E+00 0.000000E+00 1.000000E+00
Ar d
3.125538E+01 1.000000E+00 0.000000E+00 0.000000E+00 0.000000E+00
1.244999E+01 0.000000E+00 1.000000E+00 0.000000E+00 0.000000E+00
2.356388E+00 0.000000E+00 0.000000E+00 1.000000E+00 0.000000E+00
6.428843E-01 0.000000E+00 0.000000E+00 0.000000E+00 1.000000E+00
Ar f
8.189531E+00 1.000000E+00 0.000000E+00 0.000000E+00
1.332336E+00 0.000000E+00 1.000000E+00 0.000000E+00
6.026283E-01 0.000000E+00 0.000000E+00 1.000000E+00
Ar g
1.569363E+00 1.000000E+00 0.000000E+00
7.470466E-01 0.000000E+00 1.000000E+00
END
