#
#K.E. Yousaf and K.A. Peterson, J. Chem. Phys. 129, 184108 (2008). Auxiliary RI (OptRI) matched to the cc-pVnZ-F12 Triple- Basis Set for HThis should be used within the CABS framework with the above orbital set
#

#BASIS SET:
H s
2.017651E+00 1.000000E+00 0.000000E+00 0.000000E+00
4.616172E-01 0.000000E+00 1.000000E+00 0.000000E+00
1.346585E-01 0.000000E+00 0.000000E+00 1.000000E+00
H p
9.439713E+00 1.000000E+00 0.000000E+00 0.000000E+00
1.033185E+00 0.000000E+00 1.000000E+00 0.000000E+00
3.718721E-01 0.000000E+00 0.000000E+00 1.000000E+00
H d
2.230339E+00 1.000000E+00 0.000000E+00 0.000000E+00
7.029741E-01 0.000000E+00 1.000000E+00 0.000000E+00
3.089649E-01 0.000000E+00 0.000000E+00 1.000000E+00
H f
1.867108E+00 1.000000E+00 0.000000E+00
7.387620E-01 0.000000E+00 1.000000E+00
#BASIS SET:
B s
1.153942E+00 1.000000E+00 0.000000E+00 0.000000E+00 0.000000E+00
2.883423E-01 0.000000E+00 1.000000E+00 0.000000E+00 0.000000E+00
1.113143E-01 0.000000E+00 0.000000E+00 1.000000E+00 0.000000E+00
4.642745E-02 0.000000E+00 0.000000E+00 0.000000E+00 1.000000E+00
B p
2.317426E+00 1.000000E+00 0.000000E+00 0.000000E+00 0.000000E+00
7.609138E-01 0.000000E+00 1.000000E+00 0.000000E+00 0.000000E+00
3.008239E-01 0.000000E+00 0.000000E+00 1.000000E+00 0.000000E+00
1.055500E-01 0.000000E+00 0.000000E+00 0.000000E+00 1.000000E+00
B d
2.447013E+00 1.000000E+00 0.000000E+00 0.000000E+00 0.000000E+00
9.431482E-01 0.000000E+00 1.000000E+00 0.000000E+00 0.000000E+00
3.167943E-01 0.000000E+00 0.000000E+00 1.000000E+00 0.000000E+00
1.098659E-01 0.000000E+00 0.000000E+00 0.000000E+00 1.000000E+00
B f
2.826318E+00 1.000000E+00 0.000000E+00 0.000000E+00
1.530104E+00 0.000000E+00 1.000000E+00 0.000000E+00
4.936849E-01 0.000000E+00 0.000000E+00 1.000000E+00
B g
1.148520E+00 1.000000E+00 0.000000E+00
4.541795E-01 0.000000E+00 1.000000E+00
#BASIS SET:
C s
1.776221E+00 1.000000E+00 0.000000E+00 0.000000E+00 0.000000E+00
4.348298E-01 0.000000E+00 1.000000E+00 0.000000E+00 0.000000E+00
1.700682E-01 0.000000E+00 0.000000E+00 1.000000E+00 0.000000E+00
6.286366E-02 0.000000E+00 0.000000E+00 0.000000E+00 1.000000E+00
C p
3.544366E+00 1.000000E+00 0.000000E+00 0.000000E+00 0.000000E+00
1.236476E+00 0.000000E+00 1.000000E+00 0.000000E+00 0.000000E+00
4.330691E-01 0.000000E+00 0.000000E+00 1.000000E+00 0.000000E+00
1.510188E-01 0.000000E+00 0.000000E+00 0.000000E+00 1.000000E+00
C d
5.314041E+00 1.000000E+00 0.000000E+00 0.000000E+00 0.000000E+00
1.475516E+00 0.000000E+00 1.000000E+00 0.000000E+00 0.000000E+00
4.511129E-01 0.000000E+00 0.000000E+00 1.000000E+00 0.000000E+00
1.223350E-01 0.000000E+00 0.000000E+00 0.000000E+00 1.000000E+00
C f
3.649607E+00 1.000000E+00 0.000000E+00 0.000000E+00
2.271211E+00 0.000000E+00 1.000000E+00 0.000000E+00
6.532091E-01 0.000000E+00 0.000000E+00 1.000000E+00
C g
1.748891E+00 1.000000E+00 0.000000E+00
6.757534E-01 0.000000E+00 1.000000E+00
#BASIS SET:
N s
2.514253E+00 1.000000E+00 0.000000E+00 0.000000E+00 0.000000E+00
6.195461E-01 0.000000E+00 1.000000E+00 0.000000E+00 0.000000E+00
2.368773E-01 0.000000E+00 0.000000E+00 1.000000E+00 0.000000E+00
8.279509E-02 0.000000E+00 0.000000E+00 0.000000E+00 1.000000E+00
N p
5.143385E+00 1.000000E+00 0.000000E+00 0.000000E+00 0.000000E+00
1.768039E+00 0.000000E+00 1.000000E+00 0.000000E+00 0.000000E+00
6.527976E-01 0.000000E+00 0.000000E+00 1.000000E+00 0.000000E+00
2.350678E-01 0.000000E+00 0.000000E+00 0.000000E+00 1.000000E+00
N d
8.441755E+00 1.000000E+00 0.000000E+00 0.000000E+00 0.000000E+00
2.035156E+00 0.000000E+00 1.000000E+00 0.000000E+00 0.000000E+00
5.308652E-01 0.000000E+00 0.000000E+00 1.000000E+00 0.000000E+00
1.656731E-01 0.000000E+00 0.000000E+00 0.000000E+00 1.000000E+00
N f
5.758640E+00 1.000000E+00 0.000000E+00 0.000000E+00
3.462128E+00 0.000000E+00 1.000000E+00 0.000000E+00
7.008699E-01 0.000000E+00 0.000000E+00 1.000000E+00
N g
2.458229E+00 1.000000E+00 0.000000E+00
9.114721E-01 0.000000E+00 1.000000E+00
#BASIS SET:
O s
3.277494E+00 1.000000E+00 0.000000E+00 0.000000E+00 0.000000E+00
8.666209E-01 0.000000E+00 1.000000E+00 0.000000E+00 0.000000E+00
3.115359E-01 0.000000E+00 0.000000E+00 1.000000E+00 0.000000E+00
1.052508E-01 0.000000E+00 0.000000E+00 0.000000E+00 1.000000E+00
O p
6.678441E+00 1.000000E+00 0.000000E+00 0.000000E+00 0.000000E+00
2.294820E+00 0.000000E+00 1.000000E+00 0.000000E+00 0.000000E+00
7.940394E-01 0.000000E+00 0.000000E+00 1.000000E+00 0.000000E+00
2.937651E-01 0.000000E+00 0.000000E+00 0.000000E+00 1.000000E+00
O d
1.042607E+01 1.000000E+00 0.000000E+00 0.000000E+00 0.000000E+00
1.859908E+00 0.000000E+00 1.000000E+00 0.000000E+00 0.000000E+00
7.656225E-01 0.000000E+00 0.000000E+00 1.000000E+00 0.000000E+00
1.975178E-01 0.000000E+00 0.000000E+00 0.000000E+00 1.000000E+00
O f
6.727283E+00 1.000000E+00 0.000000E+00 0.000000E+00
3.304308E+00 0.000000E+00 1.000000E+00 0.000000E+00
9.566657E-01 0.000000E+00 0.000000E+00 1.000000E+00
O g
3.428135E+00 1.000000E+00 0.000000E+00
1.188941E+00 0.000000E+00 1.000000E+00
#BASIS SET:
F s
4.232388E+00 1.000000E+00 0.000000E+00 0.000000E+00 0.000000E+00
1.223183E+00 0.000000E+00 1.000000E+00 0.000000E+00 0.000000E+00
4.238711E-01 0.000000E+00 0.000000E+00 1.000000E+00 0.000000E+00
1.424065E-01 0.000000E+00 0.000000E+00 0.000000E+00 1.000000E+00
F p
8.799816E+00 1.000000E+00 0.000000E+00 0.000000E+00 0.000000E+00
2.924099E+00 0.000000E+00 1.000000E+00 0.000000E+00 0.000000E+00
1.114163E+00 0.000000E+00 0.000000E+00 1.000000E+00 0.000000E+00
4.006190E-01 0.000000E+00 0.000000E+00 0.000000E+00 1.000000E+00
F d
1.331362E+01 1.000000E+00 0.000000E+00 0.000000E+00 0.000000E+00
2.207353E+00 0.000000E+00 1.000000E+00 0.000000E+00 0.000000E+00
9.286687E-01 0.000000E+00 0.000000E+00 1.000000E+00 0.000000E+00
2.032474E-01 0.000000E+00 0.000000E+00 0.000000E+00 1.000000E+00
F f
5.615624E+00 1.000000E+00 0.000000E+00 0.000000E+00
3.796145E+00 0.000000E+00 1.000000E+00 0.000000E+00
1.262960E+00 0.000000E+00 0.000000E+00 1.000000E+00
F g
4.316638E+00 1.000000E+00 0.000000E+00
1.455100E+00 0.000000E+00 1.000000E+00
#BASIS SET:
Ne s
5.600945E+00 1.000000E+00 0.000000E+00 0.000000E+00 0.000000E+00
1.348352E+00 0.000000E+00 1.000000E+00 0.000000E+00 0.000000E+00
6.002036E-01 0.000000E+00 0.000000E+00 1.000000E+00 0.000000E+00
1.570870E-01 0.000000E+00 0.000000E+00 0.000000E+00 1.000000E+00
Ne p
1.503561E+01 1.000000E+00 0.000000E+00 0.000000E+00 0.000000E+00
3.715988E+00 0.000000E+00 1.000000E+00 0.000000E+00 0.000000E+00
1.369744E+00 0.000000E+00 0.000000E+00 1.000000E+00 0.000000E+00
4.606934E-01 0.000000E+00 0.000000E+00 0.000000E+00 1.000000E+00
Ne d
2.492029E+01 1.000000E+00 0.000000E+00 0.000000E+00 0.000000E+00
3.008032E+00 0.000000E+00 1.000000E+00 0.000000E+00 0.000000E+00
9.917008E-01 0.000000E+00 0.000000E+00 1.000000E+00 0.000000E+00
3.198692E-01 0.000000E+00 0.000000E+00 0.000000E+00 1.000000E+00
Ne f
9.743274E+00 1.000000E+00 0.000000E+00 0.000000E+00
6.502188E+00 0.000000E+00 1.000000E+00 0.000000E+00
2.718880E+00 0.000000E+00 0.000000E+00 1.000000E+00
Ne g
5.023693E+00 1.000000E+00 0.000000E+00
1.709522E+00 0.000000E+00 1.000000E+00
#BASIS SET:
Al s
8.937541E-01 1.000000E+00 0.000000E+00 0.000000E+00 0.000000E+00
1.702740E-01 0.000000E+00 1.000000E+00 0.000000E+00 0.000000E+00
7.776204E-02 0.000000E+00 0.000000E+00 1.000000E+00 0.000000E+00
3.035349E-02 0.000000E+00 0.000000E+00 0.000000E+00 1.000000E+00
Al p
3.786758E+00 1.000000E+00 0.000000E+00 0.000000E+00 0.000000E+00
5.096630E-01 0.000000E+00 1.000000E+00 0.000000E+00 0.000000E+00
1.705862E-01 0.000000E+00 0.000000E+00 1.000000E+00 0.000000E+00
6.531957E-02 0.000000E+00 0.000000E+00 0.000000E+00 1.000000E+00
Al d
5.093053E+00 1.000000E+00 0.000000E+00 0.000000E+00 0.000000E+00
1.185850E+00 0.000000E+00 1.000000E+00 0.000000E+00 0.000000E+00
3.880951E-01 0.000000E+00 0.000000E+00 1.000000E+00 0.000000E+00
1.552917E-01 0.000000E+00 0.000000E+00 0.000000E+00 1.000000E+00
Al f
1.522406E+00 1.000000E+00 0.000000E+00 0.000000E+00
8.711086E-01 0.000000E+00 1.000000E+00 0.000000E+00
2.478293E-01 0.000000E+00 0.000000E+00 1.000000E+00
Al g
5.003813E-01 1.000000E+00 0.000000E+00
2.433825E-01 0.000000E+00 1.000000E+00
#BASIS SET:
Si s
1.173542E+00 1.000000E+00 0.000000E+00 0.000000E+00 0.000000E+00
2.464215E-01 0.000000E+00 1.000000E+00 0.000000E+00 0.000000E+00
1.059406E-01 0.000000E+00 0.000000E+00 1.000000E+00 0.000000E+00
4.202760E-02 0.000000E+00 0.000000E+00 0.000000E+00 1.000000E+00
Si p
7.203402E+00 1.000000E+00 0.000000E+00 0.000000E+00 0.000000E+00
1.054770E+00 0.000000E+00 1.000000E+00 0.000000E+00 0.000000E+00
2.296673E-01 0.000000E+00 0.000000E+00 1.000000E+00 0.000000E+00
8.586807E-02 0.000000E+00 0.000000E+00 0.000000E+00 1.000000E+00
Si d
1.389786E+01 1.000000E+00 0.000000E+00 0.000000E+00 0.000000E+00
1.852967E+00 0.000000E+00 1.000000E+00 0.000000E+00 0.000000E+00
5.342375E-01 0.000000E+00 0.000000E+00 1.000000E+00 0.000000E+00
2.085972E-01 0.000000E+00 0.000000E+00 0.000000E+00 1.000000E+00
Si f
2.638630E+00 1.000000E+00 0.000000E+00 0.000000E+00
1.087325E+00 0.000000E+00 1.000000E+00 0.000000E+00
3.308403E-01 0.000000E+00 0.000000E+00 1.000000E+00
Si g
6.679205E-01 1.000000E+00 0.000000E+00
3.232411E-01 0.000000E+00 1.000000E+00
#BASIS SET:
P s
1.444494E+00 1.000000E+00 0.000000E+00 0.000000E+00 0.000000E+00
3.327606E-01 0.000000E+00 1.000000E+00 0.000000E+00 0.000000E+00
1.470150E-01 0.000000E+00 0.000000E+00 1.000000E+00 0.000000E+00
5.476901E-02 0.000000E+00 0.000000E+00 0.000000E+00 1.000000E+00
P p
8.833392E+00 1.000000E+00 0.000000E+00 0.000000E+00 0.000000E+00
1.429258E+00 0.000000E+00 1.000000E+00 0.000000E+00 0.000000E+00
3.455271E-01 0.000000E+00 0.000000E+00 1.000000E+00 0.000000E+00
1.227022E-01 0.000000E+00 0.000000E+00 0.000000E+00 1.000000E+00
P d
2.384423E+01 1.000000E+00 0.000000E+00 0.000000E+00 0.000000E+00
2.570877E+00 0.000000E+00 1.000000E+00 0.000000E+00 0.000000E+00
7.505295E-01 0.000000E+00 0.000000E+00 1.000000E+00 0.000000E+00
2.728738E-01 0.000000E+00 0.000000E+00 0.000000E+00 1.000000E+00
P f
2.638630E+00 1.000000E+00 0.000000E+00 0.000000E+00
1.087325E+00 0.000000E+00 1.000000E+00 0.000000E+00
3.308403E-01 0.000000E+00 0.000000E+00 1.000000E+00
P g
8.655794E-01 1.000000E+00 0.000000E+00
4.195207E-01 0.000000E+00 1.000000E+00
#BASIS SET:
S s
1.719153E+00 1.000000E+00 0.000000E+00 0.000000E+00 0.000000E+00
4.251920E-01 0.000000E+00 1.000000E+00 0.000000E+00 0.000000E+00
1.916437E-01 0.000000E+00 0.000000E+00 1.000000E+00 0.000000E+00
7.813921E-02 0.000000E+00 0.000000E+00 0.000000E+00 1.000000E+00
S p
7.503031E+00 1.000000E+00 0.000000E+00 0.000000E+00 0.000000E+00
1.665023E+00 0.000000E+00 1.000000E+00 0.000000E+00 0.000000E+00
3.658120E-01 0.000000E+00 0.000000E+00 1.000000E+00 0.000000E+00
1.511065E-01 0.000000E+00 0.000000E+00 0.000000E+00 1.000000E+00
S d
3.872117E+01 1.000000E+00 0.000000E+00 0.000000E+00 0.000000E+00
4.533968E+00 0.000000E+00 1.000000E+00 0.000000E+00 0.000000E+00
9.039241E-01 0.000000E+00 0.000000E+00 1.000000E+00 0.000000E+00
3.907926E-01 0.000000E+00 0.000000E+00 0.000000E+00 1.000000E+00
S f
4.597155E+00 1.000000E+00 0.000000E+00 0.000000E+00
1.142230E+00 0.000000E+00 1.000000E+00 0.000000E+00
4.155193E-01 0.000000E+00 0.000000E+00 1.000000E+00
S g
1.050928E+00 1.000000E+00 0.000000E+00
5.003152E-01 0.000000E+00 1.000000E+00
#BASIS SET:
Cl s
2.024335E+00 1.000000E+00 0.000000E+00 0.000000E+00 0.000000E+00
5.244485E-01 0.000000E+00 1.000000E+00 0.000000E+00 0.000000E+00
2.350913E-01 0.000000E+00 0.000000E+00 1.000000E+00 0.000000E+00
9.110766E-02 0.000000E+00 0.000000E+00 0.000000E+00 1.000000E+00
Cl p
8.455360E+00 1.000000E+00 0.000000E+00 0.000000E+00 0.000000E+00
1.814977E+00 0.000000E+00 1.000000E+00 0.000000E+00 0.000000E+00
4.467549E-01 0.000000E+00 0.000000E+00 1.000000E+00 0.000000E+00
1.833437E-01 0.000000E+00 0.000000E+00 0.000000E+00 1.000000E+00
Cl d
4.507599E+01 1.000000E+00 0.000000E+00 0.000000E+00 0.000000E+00
5.297218E+00 0.000000E+00 1.000000E+00 0.000000E+00 0.000000E+00
1.149119E+00 0.000000E+00 0.000000E+00 1.000000E+00 0.000000E+00
3.906122E-01 0.000000E+00 0.000000E+00 0.000000E+00 1.000000E+00
Cl f
5.905210E+00 1.000000E+00 0.000000E+00 0.000000E+00
1.293926E+00 0.000000E+00 1.000000E+00 0.000000E+00
4.921847E-01 0.000000E+00 0.000000E+00 1.000000E+00
Cl g
1.275934E+00 1.000000E+00 0.000000E+00
6.004517E-01 0.000000E+00 1.000000E+00
#BASIS SET:
Ar s
2.376547E+00 1.000000E+00 0.000000E+00 0.000000E+00 0.000000E+00
6.337925E-01 0.000000E+00 1.000000E+00 0.000000E+00 0.000000E+00
2.830927E-01 0.000000E+00 0.000000E+00 1.000000E+00 0.000000E+00
1.049718E-01 0.000000E+00 0.000000E+00 0.000000E+00 1.000000E+00
Ar p
9.462209E+00 1.000000E+00 0.000000E+00 0.000000E+00 0.000000E+00
1.995064E+00 0.000000E+00 1.000000E+00 0.000000E+00 0.000000E+00
4.984010E-01 0.000000E+00 0.000000E+00 1.000000E+00 0.000000E+00
1.930496E-01 0.000000E+00 0.000000E+00 0.000000E+00 1.000000E+00
Ar d
5.281613E+01 1.000000E+00 0.000000E+00 0.000000E+00 0.000000E+00
7.806900E+00 0.000000E+00 1.000000E+00 0.000000E+00 0.000000E+00
1.351842E+00 0.000000E+00 0.000000E+00 1.000000E+00 0.000000E+00
5.391837E-01 0.000000E+00 0.000000E+00 0.000000E+00 1.000000E+00
Ar f
7.258400E+00 1.000000E+00 0.000000E+00 0.000000E+00
2.090043E+00 0.000000E+00 1.000000E+00 0.000000E+00
5.969411E-01 0.000000E+00 0.000000E+00 1.000000E+00
Ar g
1.523329E+00 1.000000E+00 0.000000E+00
7.109952E-01 0.000000E+00 1.000000E+00
END
