#
#K.A. Peterson, M.K. Kesharwani, and J.M.L. Martin, Mol. Phys. 113, 1551 (2015)N. Sylvetsky, K.A. Peterson, A. Karton, and J.M.L. Martin, J. Chem. Phys. 144, 214101 (2016)Nonrelativistic correlation consistent polarized  Valence Quintuple- Basis Set for H
#

#BASIS SET:
H s
1.776776E+03 4.4000000E-05 0.0000000E+00 0.0000000E+00 0.0000000E+00 0.0000000E+00 0.0000000E+00
2.540177E+02 3.7200000E-04 0.0000000E+00 0.0000000E+00 0.0000000E+00 0.0000000E+00 0.0000000E+00
5.469804E+01 2.0940000E-03 0.0000000E+00 0.0000000E+00 0.0000000E+00 0.0000000E+00 0.0000000E+00
1.501834E+01 8.8630000E-03 0.0000000E+00 0.0000000E+00 0.0000000E+00 0.0000000E+00 0.0000000E+00
4.915078E+00 3.0540000E-02 0.0000000E+00 0.0000000E+00 0.0000000E+00 0.0000000E+00 0.0000000E+00
1.794924E+00 9.0342000E-02 1.0000000E+00 0.0000000E+00 0.0000000E+00 0.0000000E+00 0.0000000E+00
7.107160E-01 2.1323900E-01 0.0000000E+00 1.0000000E+00 0.0000000E+00 0.0000000E+00 0.0000000E+00
3.048020E-01 3.5235000E-01 0.0000000E+00 0.0000000E+00 1.0000000E+00 0.0000000E+00 0.0000000E+00
1.380460E-01 3.3965700E-01 0.0000000E+00 0.0000000E+00 0.0000000E+00 1.0000000E+00 0.0000000E+00
6.215700E-02 1.0733000E-01 0.0000000E+00 0.0000000E+00 0.0000000E+00 0.0000000E+00 1.0000000E+00
H p
5.000900E+00 1.0000000E+00 0.0000000E+00 0.0000000E+00 0.0000000E+00 0.0000000E+00
2.143900E+00 0.0000000E+00 1.0000000E+00 0.0000000E+00 0.0000000E+00 0.0000000E+00
9.191000E-01 0.0000000E+00 0.0000000E+00 1.0000000E+00 0.0000000E+00 0.0000000E+00
3.940000E-01 0.0000000E+00 0.0000000E+00 0.0000000E+00 1.0000000E+00 0.0000000E+00
1.689000E-01 0.0000000E+00 0.0000000E+00 0.0000000E+00 0.0000000E+00 1.0000000E+00
H d
1.310400E+00 1.0000000E+00 0.0000000E+00 0.0000000E+00
5.777000E-01 0.0000000E+00 1.0000000E+00 0.0000000E+00
2.547000E-01 0.0000000E+00 0.0000000E+00 1.0000000E+00
H f
6.427000E-01 1.0000000E+00 0.0000000E+00
3.330000E-01 0.0000000E+00 1.0000000E+00
H g
5.575000E-01 1.0000000E+00
#BASIS SET:
He s
4.785000E+03 6.0000000E-07 0.0000000E+00 0.0000000E+00 0.0000000E+00 0.0000000E+00 0.0000000E+00 0.0000000E+00
7.170000E+02 4.7000000E-06 0.0000000E+00 0.0000000E+00 0.0000000E+00 0.0000000E+00 0.0000000E+00 0.0000000E+00
1.632000E+02 2.4400000E-05 0.0000000E+00 0.0000000E+00 0.0000000E+00 0.0000000E+00 0.0000000E+00 0.0000000E+00
4.626000E+01 1.0120000E-04 0.0000000E+00 0.0000000E+00 0.0000000E+00 0.0000000E+00 0.0000000E+00 0.0000000E+00
1.510000E+01 3.4860000E-04 0.0000000E+00 0.0000000E+00 0.0000000E+00 0.0000000E+00 0.0000000E+00 0.0000000E+00
5.437000E+00 9.8410000E-04 1.0000000E+00 0.0000000E+00 0.0000000E+00 0.0000000E+00 0.0000000E+00 0.0000000E+00
2.088000E+00 2.1631000E-03 0.0000000E+00 1.0000000E+00 0.0000000E+00 0.0000000E+00 0.0000000E+00 0.0000000E+00
8.297000E-01 3.4905000E-03 0.0000000E+00 0.0000000E+00 1.0000000E+00 0.0000000E+00 0.0000000E+00 0.0000000E+00
3.366000E-01 3.4660000E-03 0.0000000E+00 0.0000000E+00 0.0000000E+00 1.0000000E+00 0.0000000E+00 0.0000000E+00
1.369000E-01 1.1519000E-03 0.0000000E+00 0.0000000E+00 0.0000000E+00 0.0000000E+00 1.0000000E+00 0.0000000E+00
4.473000E-02 0.0000000E+00 0.0000000E+00 0.0000000E+00 0.0000000E+00 0.0000000E+00 0.0000000E+00 1.0000000E+00
He p
1.413170E+01 1.0000000E+00 0.0000000E+00 0.0000000E+00 0.0000000E+00 0.0000000E+00
5.482800E+00 0.0000000E+00 1.0000000E+00 0.0000000E+00 0.0000000E+00 0.0000000E+00
2.127200E+00 0.0000000E+00 0.0000000E+00 1.0000000E+00 0.0000000E+00 0.0000000E+00
8.253000E-01 0.0000000E+00 0.0000000E+00 0.0000000E+00 1.0000000E+00 0.0000000E+00
3.202000E-01 0.0000000E+00 0.0000000E+00 0.0000000E+00 0.0000000E+00 1.0000000E+00
He d
4.369100E+00 1.0000000E+00 0.0000000E+00 0.0000000E+00
1.515400E+00 0.0000000E+00 1.0000000E+00 0.0000000E+00
5.256000E-01 0.0000000E+00 0.0000000E+00 1.0000000E+00
He f
8.373000E-01 1.0000000E+00 0.0000000E+00
4.064000E-01 0.0000000E+00 1.0000000E+00
He g
6.712000E-01 1.0000000E+00
#BASIS SET:
B s
2.104000E+05 5.8300000E-06 -1.1800000E-06 0.0000000E+00 0.0000000E+00 0.0000000E+00 0.0000000E+00 0.0000000E+00 0.0000000E+00
3.150000E+04 4.5320000E-05 -9.1500000E-06 0.0000000E+00 0.0000000E+00 0.0000000E+00 0.0000000E+00 0.0000000E+00 0.0000000E+00
7.169000E+03 2.3838000E-04 -4.8190000E-05 0.0000000E+00 0.0000000E+00 0.0000000E+00 0.0000000E+00 0.0000000E+00 0.0000000E+00
2.030000E+03 1.0057000E-03 -2.0306000E-04 0.0000000E+00 0.0000000E+00 0.0000000E+00 0.0000000E+00 0.0000000E+00 0.0000000E+00
6.625000E+02 3.6449600E-03 -7.3917000E-04 0.0000000E+00 0.0000000E+00 0.0000000E+00 0.0000000E+00 0.0000000E+00 0.0000000E+00
2.392000E+02 1.1736280E-02 -2.3860300E-03 0.0000000E+00 0.0000000E+00 0.0000000E+00 0.0000000E+00 0.0000000E+00 0.0000000E+00
9.326000E+01 3.3807020E-02 -6.9865400E-03 0.0000000E+00 0.0000000E+00 0.0000000E+00 0.0000000E+00 0.0000000E+00 0.0000000E+00
3.864000E+01 8.5565930E-02 -1.8115940E-02 0.0000000E+00 0.0000000E+00 0.0000000E+00 0.0000000E+00 0.0000000E+00 0.0000000E+00
1.678000E+01 1.8260322E-01 -4.1231290E-02 0.0000000E+00 0.0000000E+00 0.0000000E+00 0.0000000E+00 0.0000000E+00 0.0000000E+00
7.541000E+00 3.0583760E-01 -7.7813530E-02 0.0000000E+00 0.0000000E+00 0.0000000E+00 0.0000000E+00 0.0000000E+00 0.0000000E+00
3.482000E+00 3.4080347E-01 -1.2123181E-01 0.0000000E+00 0.0000000E+00 0.0000000E+00 0.0000000E+00 0.0000000E+00 0.0000000E+00
1.618000E+00 1.7535036E-01 -1.0843020E-01 1.0000000E+00 0.0000000E+00 0.0000000E+00 0.0000000E+00 0.0000000E+00 0.0000000E+00
6.270000E-01 1.7218340E-02 1.1016510E-01 0.0000000E+00 1.0000000E+00 0.0000000E+00 0.0000000E+00 0.0000000E+00 0.0000000E+00
2.934000E-01 -2.3197700E-03 4.1921850E-01 0.0000000E+00 0.0000000E+00 1.0000000E+00 0.0000000E+00 0.0000000E+00 0.0000000E+00
1.310000E-01 1.0174800E-03 4.7252922E-01 0.0000000E+00 0.0000000E+00 0.0000000E+00 1.0000000E+00 0.0000000E+00 0.0000000E+00
5.815000E-02 -1.8483000E-04 1.4294499E-01 0.0000000E+00 0.0000000E+00 0.0000000E+00 0.0000000E+00 1.0000000E+00 0.0000000E+00
2.300000E-02 0.0000000E+00 0.0000000E+00 0.0000000E+00 0.0000000E+00 0.0000000E+00 0.0000000E+00 0.0000000E+00 1.0000000E+00
B p
1.925000E+02 1.3490000E-04 0.0000000E+00 0.0000000E+00 0.0000000E+00 0.0000000E+00 0.0000000E+00 0.0000000E+00 0.0000000E+00
4.564000E+01 1.1474100E-03 0.0000000E+00 0.0000000E+00 0.0000000E+00 0.0000000E+00 0.0000000E+00 0.0000000E+00 0.0000000E+00
1.475000E+01 5.8479300E-03 0.0000000E+00 0.0000000E+00 0.0000000E+00 0.0000000E+00 0.0000000E+00 0.0000000E+00 0.0000000E+00
5.503000E+00 2.1170910E-02 0.0000000E+00 0.0000000E+00 0.0000000E+00 0.0000000E+00 0.0000000E+00 0.0000000E+00 0.0000000E+00
2.222000E+00 6.2668720E-02 1.0000000E+00 0.0000000E+00 0.0000000E+00 0.0000000E+00 0.0000000E+00 0.0000000E+00 0.0000000E+00
9.590000E-01 1.5302764E-01 0.0000000E+00 1.0000000E+00 0.0000000E+00 0.0000000E+00 0.0000000E+00 0.0000000E+00 0.0000000E+00
4.314000E-01 2.7797889E-01 0.0000000E+00 0.0000000E+00 1.0000000E+00 0.0000000E+00 0.0000000E+00 0.0000000E+00 0.0000000E+00
1.969000E-01 3.5888912E-01 0.0000000E+00 0.0000000E+00 0.0000000E+00 1.0000000E+00 0.0000000E+00 0.0000000E+00 0.0000000E+00
9.033000E-02 2.7950147E-01 0.0000000E+00 0.0000000E+00 0.0000000E+00 0.0000000E+00 1.0000000E+00 0.0000000E+00 0.0000000E+00
4.066000E-02 7.5326470E-02 0.0000000E+00 0.0000000E+00 0.0000000E+00 0.0000000E+00 0.0000000E+00 1.0000000E+00 0.0000000E+00
1.365000E-02 0.0000000E+00 0.0000000E+00 0.0000000E+00 0.0000000E+00 0.0000000E+00 0.0000000E+00 0.0000000E+00 1.0000000E+00
B d
4.374800E+00 1.0000000E+00 0.0000000E+00 0.0000000E+00 0.0000000E+00 0.0000000E+00
1.813300E+00 0.0000000E+00 1.0000000E+00 0.0000000E+00 0.0000000E+00 0.0000000E+00
7.516000E-01 0.0000000E+00 0.0000000E+00 1.0000000E+00 0.0000000E+00 0.0000000E+00
3.115000E-01 0.0000000E+00 0.0000000E+00 0.0000000E+00 1.0000000E+00 0.0000000E+00
1.291000E-01 0.0000000E+00 0.0000000E+00 0.0000000E+00 0.0000000E+00 1.0000000E+00
B f
1.453000E+00 1.0000000E+00 0.0000000E+00 0.0000000E+00 0.0000000E+00
7.020000E-01 0.0000000E+00 1.0000000E+00 0.0000000E+00 0.0000000E+00
3.391000E-01 0.0000000E+00 0.0000000E+00 1.0000000E+00 0.0000000E+00
1.638000E-01 0.0000000E+00 0.0000000E+00 0.0000000E+00 1.0000000E+00
B g
7.275000E-01 1.0000000E+00 0.0000000E+00 0.0000000E+00
3.806000E-01 0.0000000E+00 1.0000000E+00 0.0000000E+00
1.991000E-01 0.0000000E+00 0.0000000E+00 1.0000000E+00
B h
4.849000E-01 1.0000000E+00 0.0000000E+00
2.407000E-01 0.0000000E+00 1.0000000E+00
#BASIS SET:
C s
3.121000E+05 5.6700000E-06 -1.2100000E-06 0.0000000E+00 0.0000000E+00 0.0000000E+00 0.0000000E+00 0.0000000E+00 0.0000000E+00
4.674000E+04 4.4100000E-05 -9.3900000E-06 0.0000000E+00 0.0000000E+00 0.0000000E+00 0.0000000E+00 0.0000000E+00 0.0000000E+00
1.064000E+04 2.3190000E-04 -4.9470000E-05 0.0000000E+00 0.0000000E+00 0.0000000E+00 0.0000000E+00 0.0000000E+00 0.0000000E+00
3.013000E+03 9.7897000E-04 -2.0857000E-04 0.0000000E+00 0.0000000E+00 0.0000000E+00 0.0000000E+00 0.0000000E+00 0.0000000E+00
9.828000E+02 3.5516300E-03 -7.6015000E-04 0.0000000E+00 0.0000000E+00 0.0000000E+00 0.0000000E+00 0.0000000E+00 0.0000000E+00
3.548000E+02 1.1440610E-02 -2.4546900E-03 0.0000000E+00 0.0000000E+00 0.0000000E+00 0.0000000E+00 0.0000000E+00 0.0000000E+00
1.384000E+02 3.2998550E-02 -7.2015300E-03 0.0000000E+00 0.0000000E+00 0.0000000E+00 0.0000000E+00 0.0000000E+00 0.0000000E+00
5.735000E+01 8.4053470E-02 -1.8807420E-02 0.0000000E+00 0.0000000E+00 0.0000000E+00 0.0000000E+00 0.0000000E+00 0.0000000E+00
2.492000E+01 1.8067613E-01 -4.3250010E-02 0.0000000E+00 0.0000000E+00 0.0000000E+00 0.0000000E+00 0.0000000E+00 0.0000000E+00
1.123000E+01 3.0491140E-01 -8.2597330E-02 0.0000000E+00 0.0000000E+00 0.0000000E+00 0.0000000E+00 0.0000000E+00 0.0000000E+00
5.201000E+00 3.4141570E-01 -1.2857592E-01 0.0000000E+00 0.0000000E+00 0.0000000E+00 0.0000000E+00 0.0000000E+00 0.0000000E+00
2.426000E+00 1.7717867E-01 -1.0760284E-01 1.0000000E+00 0.0000000E+00 0.0000000E+00 0.0000000E+00 0.0000000E+00 0.0000000E+00
9.673000E-01 1.8922270E-02 1.2407734E-01 0.0000000E+00 1.0000000E+00 0.0000000E+00 0.0000000E+00 0.0000000E+00 0.0000000E+00
4.456000E-01 -1.7112100E-03 4.2851768E-01 0.0000000E+00 0.0000000E+00 1.0000000E+00 0.0000000E+00 0.0000000E+00 0.0000000E+00
1.971000E-01 1.0357800E-03 4.6123320E-01 0.0000000E+00 0.0000000E+00 0.0000000E+00 1.0000000E+00 0.0000000E+00 0.0000000E+00
8.635000E-02 -1.5204000E-04 1.3761657E-01 0.0000000E+00 0.0000000E+00 0.0000000E+00 0.0000000E+00 1.0000000E+00 0.0000000E+00
3.540000E-02 0.0000000E+00 0.0000000E+00 0.0000000E+00 0.0000000E+00 0.0000000E+00 0.0000000E+00 0.0000000E+00 1.0000000E+00
C p
2.952000E+02 1.4249000E-04 0.0000000E+00 0.0000000E+00 0.0000000E+00 0.0000000E+00 0.0000000E+00 0.0000000E+00 0.0000000E+00
6.998000E+01 1.2201000E-03 0.0000000E+00 0.0000000E+00 0.0000000E+00 0.0000000E+00 0.0000000E+00 0.0000000E+00 0.0000000E+00
2.264000E+01 6.3369600E-03 0.0000000E+00 0.0000000E+00 0.0000000E+00 0.0000000E+00 0.0000000E+00 0.0000000E+00 0.0000000E+00
8.485000E+00 2.3518750E-02 0.0000000E+00 0.0000000E+00 0.0000000E+00 0.0000000E+00 0.0000000E+00 0.0000000E+00 0.0000000E+00
3.459000E+00 6.9904470E-02 1.0000000E+00 0.0000000E+00 0.0000000E+00 0.0000000E+00 0.0000000E+00 0.0000000E+00 0.0000000E+00
1.504000E+00 1.6546049E-01 0.0000000E+00 1.0000000E+00 0.0000000E+00 0.0000000E+00 0.0000000E+00 0.0000000E+00 0.0000000E+00
6.783000E-01 2.8710436E-01 0.0000000E+00 0.0000000E+00 1.0000000E+00 0.0000000E+00 0.0000000E+00 0.0000000E+00 0.0000000E+00
3.087000E-01 3.5280269E-01 0.0000000E+00 0.0000000E+00 0.0000000E+00 1.0000000E+00 0.0000000E+00 0.0000000E+00 0.0000000E+00
1.400000E-01 2.6533663E-01 0.0000000E+00 0.0000000E+00 0.0000000E+00 0.0000000E+00 1.0000000E+00 0.0000000E+00 0.0000000E+00
6.178000E-02 7.1733610E-02 0.0000000E+00 0.0000000E+00 0.0000000E+00 0.0000000E+00 0.0000000E+00 1.0000000E+00 0.0000000E+00
2.376000E-02 0.0000000E+00 0.0000000E+00 0.0000000E+00 0.0000000E+00 0.0000000E+00 0.0000000E+00 0.0000000E+00 1.0000000E+00
C d
7.446600E+00 1.0000000E+00 0.0000000E+00 0.0000000E+00 0.0000000E+00 0.0000000E+00
2.906100E+00 0.0000000E+00 1.0000000E+00 0.0000000E+00 0.0000000E+00 0.0000000E+00
1.134100E+00 0.0000000E+00 0.0000000E+00 1.0000000E+00 0.0000000E+00 0.0000000E+00
4.426000E-01 0.0000000E+00 0.0000000E+00 0.0000000E+00 1.0000000E+00 0.0000000E+00
1.727000E-01 0.0000000E+00 0.0000000E+00 0.0000000E+00 0.0000000E+00 1.0000000E+00
C f
2.786900E+00 1.0000000E+00 0.0000000E+00 0.0000000E+00 0.0000000E+00
1.212300E+00 0.0000000E+00 1.0000000E+00 0.0000000E+00 0.0000000E+00
5.274000E-01 0.0000000E+00 0.0000000E+00 1.0000000E+00 0.0000000E+00
2.294000E-01 0.0000000E+00 0.0000000E+00 0.0000000E+00 1.0000000E+00
C g
1.253500E+00 1.0000000E+00 0.0000000E+00 0.0000000E+00
5.824000E-01 0.0000000E+00 1.0000000E+00 0.0000000E+00
2.706000E-01 0.0000000E+00 0.0000000E+00 1.0000000E+00
C h
6.203000E-01 1.0000000E+00 0.0000000E+00
3.007000E-01 0.0000000E+00 1.0000000E+00
#BASIS SET:
N s
4.323000E+05 5.5900000E-06 -1.2300000E-06 0.0000000E+00 0.0000000E+00 0.0000000E+00 0.0000000E+00 0.0000000E+00 0.0000000E+00
6.470000E+04 4.3510000E-05 -9.5800000E-06 0.0000000E+00 0.0000000E+00 0.0000000E+00 0.0000000E+00 0.0000000E+00 0.0000000E+00
1.472000E+04 2.2893000E-04 -5.0510000E-05 0.0000000E+00 0.0000000E+00 0.0000000E+00 0.0000000E+00 0.0000000E+00 0.0000000E+00
4.170000E+03 9.6502000E-04 -2.1264000E-04 0.0000000E+00 0.0000000E+00 0.0000000E+00 0.0000000E+00 0.0000000E+00 0.0000000E+00
1.361000E+03 3.5021900E-03 -7.7534000E-04 0.0000000E+00 0.0000000E+00 0.0000000E+00 0.0000000E+00 0.0000000E+00 0.0000000E+00
4.912000E+02 1.1292120E-02 -2.5062400E-03 0.0000000E+00 0.0000000E+00 0.0000000E+00 0.0000000E+00 0.0000000E+00 0.0000000E+00
1.916000E+02 3.2612830E-02 -7.3652900E-03 0.0000000E+00 0.0000000E+00 0.0000000E+00 0.0000000E+00 0.0000000E+00 0.0000000E+00
7.941000E+01 8.3297270E-02 -1.9301670E-02 0.0000000E+00 0.0000000E+00 0.0000000E+00 0.0000000E+00 0.0000000E+00 0.0000000E+00
3.453000E+01 1.7998566E-01 -4.4717380E-02 0.0000000E+00 0.0000000E+00 0.0000000E+00 0.0000000E+00 0.0000000E+00 0.0000000E+00
1.558000E+01 3.0500351E-01 -8.6066470E-02 0.0000000E+00 0.0000000E+00 0.0000000E+00 0.0000000E+00 0.0000000E+00 0.0000000E+00
7.232000E+00 3.4115932E-01 -1.3329627E-01 0.0000000E+00 0.0000000E+00 0.0000000E+00 0.0000000E+00 0.0000000E+00 0.0000000E+00
3.382000E+00 1.7748269E-01 -1.0596548E-01 1.0000000E+00 0.0000000E+00 0.0000000E+00 0.0000000E+00 0.0000000E+00 0.0000000E+00
1.369000E+00 1.9884090E-02 1.3466734E-01 0.0000000E+00 1.0000000E+00 0.0000000E+00 0.0000000E+00 0.0000000E+00 0.0000000E+00
6.248000E-01 -1.2466300E-03 4.3394007E-01 0.0000000E+00 0.0000000E+00 1.0000000E+00 0.0000000E+00 0.0000000E+00 0.0000000E+00
2.747000E-01 1.0401100E-03 4.5294902E-01 0.0000000E+00 0.0000000E+00 0.0000000E+00 1.0000000E+00 0.0000000E+00 0.0000000E+00
1.192000E-01 -1.2659000E-04 1.3402164E-01 0.0000000E+00 0.0000000E+00 0.0000000E+00 0.0000000E+00 1.0000000E+00 0.0000000E+00
4.714000E-02 0.0000000E+00 0.0000000E+00 0.0000000E+00 0.0000000E+00 0.0000000E+00 0.0000000E+00 0.0000000E+00 1.0000000E+00
N p
4.159000E+02 1.4841000E-04 0.0000000E+00 0.0000000E+00 0.0000000E+00 0.0000000E+00 0.0000000E+00 0.0000000E+00 0.0000000E+00
9.861000E+01 1.2763400E-03 0.0000000E+00 0.0000000E+00 0.0000000E+00 0.0000000E+00 0.0000000E+00 0.0000000E+00 0.0000000E+00
3.192000E+01 6.7024200E-03 0.0000000E+00 0.0000000E+00 0.0000000E+00 0.0000000E+00 0.0000000E+00 0.0000000E+00 0.0000000E+00
1.200000E+01 2.5261700E-02 0.0000000E+00 0.0000000E+00 0.0000000E+00 0.0000000E+00 0.0000000E+00 0.0000000E+00 0.0000000E+00
4.919000E+00 7.5189430E-02 1.0000000E+00 0.0000000E+00 0.0000000E+00 0.0000000E+00 0.0000000E+00 0.0000000E+00 0.0000000E+00
2.148000E+00 1.7401505E-01 0.0000000E+00 1.0000000E+00 0.0000000E+00 0.0000000E+00 0.0000000E+00 0.0000000E+00 0.0000000E+00
9.696000E-01 2.9279209E-01 0.0000000E+00 0.0000000E+00 1.0000000E+00 0.0000000E+00 0.0000000E+00 0.0000000E+00 0.0000000E+00
4.399000E-01 3.4826478E-01 0.0000000E+00 0.0000000E+00 0.0000000E+00 1.0000000E+00 0.0000000E+00 0.0000000E+00 0.0000000E+00
1.978000E-01 2.5593655E-01 0.0000000E+00 0.0000000E+00 0.0000000E+00 0.0000000E+00 1.0000000E+00 0.0000000E+00 0.0000000E+00
8.603000E-02 6.9479290E-02 0.0000000E+00 0.0000000E+00 0.0000000E+00 0.0000000E+00 0.0000000E+00 1.0000000E+00 0.0000000E+00
3.150000E-02 0.0000000E+00 0.0000000E+00 0.0000000E+00 0.0000000E+00 0.0000000E+00 0.0000000E+00 0.0000000E+00 1.0000000E+00
N d
1.063840E+01 1.0000000E+00 0.0000000E+00 0.0000000E+00 0.0000000E+00 0.0000000E+00
4.136100E+00 0.0000000E+00 1.0000000E+00 0.0000000E+00 0.0000000E+00 0.0000000E+00
1.608100E+00 0.0000000E+00 0.0000000E+00 1.0000000E+00 0.0000000E+00 0.0000000E+00
6.252000E-01 0.0000000E+00 0.0000000E+00 0.0000000E+00 1.0000000E+00 0.0000000E+00
2.431000E-01 0.0000000E+00 0.0000000E+00 0.0000000E+00 0.0000000E+00 1.0000000E+00
N f
4.526400E+00 1.0000000E+00 0.0000000E+00 0.0000000E+00 0.0000000E+00
1.894900E+00 0.0000000E+00 1.0000000E+00 0.0000000E+00 0.0000000E+00
7.933000E-01 0.0000000E+00 0.0000000E+00 1.0000000E+00 0.0000000E+00
3.321000E-01 0.0000000E+00 0.0000000E+00 0.0000000E+00 1.0000000E+00
N g
2.110700E+00 1.0000000E+00 0.0000000E+00 0.0000000E+00
8.976000E-01 0.0000000E+00 1.0000000E+00 0.0000000E+00
3.817000E-01 0.0000000E+00 0.0000000E+00 1.0000000E+00
N h
9.543000E-01 1.0000000E+00 0.0000000E+00
4.524000E-01 0.0000000E+00 1.0000000E+00
#BASIS SET:
O s
5.708000E+05 5.5500000E-06 -1.2600000E-06 0.0000000E+00 0.0000000E+00 0.0000000E+00 0.0000000E+00 0.0000000E+00 0.0000000E+00
8.548000E+04 4.3110000E-05 -9.7700000E-06 0.0000000E+00 0.0000000E+00 0.0000000E+00 0.0000000E+00 0.0000000E+00 0.0000000E+00
1.946000E+04 2.2667000E-04 -5.1480000E-05 0.0000000E+00 0.0000000E+00 0.0000000E+00 0.0000000E+00 0.0000000E+00 0.0000000E+00
5.512000E+03 9.5637000E-04 -2.1696000E-04 0.0000000E+00 0.0000000E+00 0.0000000E+00 0.0000000E+00 0.0000000E+00 0.0000000E+00
1.798000E+03 3.4732000E-03 -7.9162000E-04 0.0000000E+00 0.0000000E+00 0.0000000E+00 0.0000000E+00 0.0000000E+00 0.0000000E+00
6.489000E+02 1.1197780E-02 -2.5590000E-03 0.0000000E+00 0.0000000E+00 0.0000000E+00 0.0000000E+00 0.0000000E+00 0.0000000E+00
2.531000E+02 3.2387660E-02 -7.5331300E-03 0.0000000E+00 0.0000000E+00 0.0000000E+00 0.0000000E+00 0.0000000E+00 0.0000000E+00
1.049000E+02 8.2859770E-02 -1.9788970E-02 0.0000000E+00 0.0000000E+00 0.0000000E+00 0.0000000E+00 0.0000000E+00 0.0000000E+00
4.565000E+01 1.7958381E-01 -4.6062880E-02 0.0000000E+00 0.0000000E+00 0.0000000E+00 0.0000000E+00 0.0000000E+00 0.0000000E+00
2.062000E+01 3.0522110E-01 -8.9195600E-02 0.0000000E+00 0.0000000E+00 0.0000000E+00 0.0000000E+00 0.0000000E+00 0.0000000E+00
9.587000E+00 3.4089349E-01 -1.3754216E-01 0.0000000E+00 0.0000000E+00 0.0000000E+00 0.0000000E+00 0.0000000E+00 0.0000000E+00
4.493000E+00 1.7742611E-01 -1.0511948E-01 1.0000000E+00 0.0000000E+00 0.0000000E+00 0.0000000E+00 0.0000000E+00 0.0000000E+00
1.837000E+00 2.0491070E-02 1.4477143E-01 0.0000000E+00 1.0000000E+00 0.0000000E+00 0.0000000E+00 0.0000000E+00 0.0000000E+00
8.349000E-01 -9.6807000E-04 4.4146336E-01 0.0000000E+00 0.0000000E+00 1.0000000E+00 0.0000000E+00 0.0000000E+00 0.0000000E+00
3.658000E-01 1.0571500E-03 4.4468145E-01 0.0000000E+00 0.0000000E+00 0.0000000E+00 1.0000000E+00 0.0000000E+00 0.0000000E+00
1.570000E-01 -9.7210000E-05 1.2824259E-01 0.0000000E+00 0.0000000E+00 0.0000000E+00 0.0000000E+00 1.0000000E+00 0.0000000E+00
5.935000E-02 0.0000000E+00 0.0000000E+00 0.0000000E+00 0.0000000E+00 0.0000000E+00 0.0000000E+00 0.0000000E+00 1.0000000E+00
O p
5.256000E+02 1.6664000E-04 0.0000000E+00 0.0000000E+00 0.0000000E+00 0.0000000E+00 0.0000000E+00 0.0000000E+00 0.0000000E+00
1.246000E+02 1.4333600E-03 0.0000000E+00 0.0000000E+00 0.0000000E+00 0.0000000E+00 0.0000000E+00 0.0000000E+00 0.0000000E+00
4.034000E+01 7.5476200E-03 0.0000000E+00 0.0000000E+00 0.0000000E+00 0.0000000E+00 0.0000000E+00 0.0000000E+00 0.0000000E+00
1.518000E+01 2.8594560E-02 0.0000000E+00 0.0000000E+00 0.0000000E+00 0.0000000E+00 0.0000000E+00 0.0000000E+00 0.0000000E+00
6.245000E+00 8.4388580E-02 1.0000000E+00 0.0000000E+00 0.0000000E+00 0.0000000E+00 0.0000000E+00 0.0000000E+00 0.0000000E+00
2.732000E+00 1.8748342E-01 0.0000000E+00 1.0000000E+00 0.0000000E+00 0.0000000E+00 0.0000000E+00 0.0000000E+00 0.0000000E+00
1.227000E+00 2.9790579E-01 0.0000000E+00 0.0000000E+00 1.0000000E+00 0.0000000E+00 0.0000000E+00 0.0000000E+00 0.0000000E+00
5.492000E-01 3.3855755E-01 0.0000000E+00 0.0000000E+00 0.0000000E+00 1.0000000E+00 0.0000000E+00 0.0000000E+00 0.0000000E+00
2.418000E-01 2.4726093E-01 0.0000000E+00 0.0000000E+00 0.0000000E+00 0.0000000E+00 1.0000000E+00 0.0000000E+00 0.0000000E+00
1.025000E-01 7.0033500E-02 0.0000000E+00 0.0000000E+00 0.0000000E+00 0.0000000E+00 0.0000000E+00 1.0000000E+00 0.0000000E+00
3.380000E-02 0.0000000E+00 0.0000000E+00 0.0000000E+00 0.0000000E+00 0.0000000E+00 0.0000000E+00 0.0000000E+00 1.0000000E+00
O d
1.168230E+01 1.0000000E+00 0.0000000E+00 0.0000000E+00 0.0000000E+00 0.0000000E+00
4.514800E+00 0.0000000E+00 1.0000000E+00 0.0000000E+00 0.0000000E+00 0.0000000E+00
1.744800E+00 0.0000000E+00 0.0000000E+00 1.0000000E+00 0.0000000E+00 0.0000000E+00
6.743000E-01 0.0000000E+00 0.0000000E+00 0.0000000E+00 1.0000000E+00 0.0000000E+00
2.606000E-01 0.0000000E+00 0.0000000E+00 0.0000000E+00 0.0000000E+00 1.0000000E+00
O f
6.219100E+00 1.0000000E+00 0.0000000E+00 0.0000000E+00 0.0000000E+00
2.509000E+00 0.0000000E+00 1.0000000E+00 0.0000000E+00 0.0000000E+00
1.012200E+00 0.0000000E+00 0.0000000E+00 1.0000000E+00 0.0000000E+00
4.084000E-01 0.0000000E+00 0.0000000E+00 0.0000000E+00 1.0000000E+00
O g
3.533000E+00 1.0000000E+00 0.0000000E+00 0.0000000E+00
1.365800E+00 0.0000000E+00 1.0000000E+00 0.0000000E+00
5.280000E-01 0.0000000E+00 0.0000000E+00 1.0000000E+00
O h
2.194200E+00 1.0000000E+00 0.0000000E+00
6.648000E-01 0.0000000E+00 1.0000000E+00
#BASIS SET:
F s
7.235000E+05 5.5600000E-06 -1.2900000E-06 0.0000000E+00 0.0000000E+00 0.0000000E+00 0.0000000E+00 0.0000000E+00 0.0000000E+00
1.084000E+05 4.3180000E-05 -9.9900000E-06 0.0000000E+00 0.0000000E+00 0.0000000E+00 0.0000000E+00 0.0000000E+00 0.0000000E+00
2.468000E+04 2.2700000E-04 -5.2600000E-05 0.0000000E+00 0.0000000E+00 0.0000000E+00 0.0000000E+00 0.0000000E+00 0.0000000E+00
6.990000E+03 9.5803000E-04 -2.2172000E-04 0.0000000E+00 0.0000000E+00 0.0000000E+00 0.0000000E+00 0.0000000E+00 0.0000000E+00
2.282000E+03 3.4701500E-03 -8.0692000E-04 0.0000000E+00 0.0000000E+00 0.0000000E+00 0.0000000E+00 0.0000000E+00 0.0000000E+00
8.246000E+02 1.1185260E-02 -2.6081700E-03 0.0000000E+00 0.0000000E+00 0.0000000E+00 0.0000000E+00 0.0000000E+00 0.0000000E+00
3.218000E+02 3.2328800E-02 -7.6740200E-03 0.0000000E+00 0.0000000E+00 0.0000000E+00 0.0000000E+00 0.0000000E+00 0.0000000E+00
1.335000E+02 8.2795450E-02 -2.0193530E-02 0.0000000E+00 0.0000000E+00 0.0000000E+00 0.0000000E+00 0.0000000E+00 0.0000000E+00
5.811000E+01 1.7988024E-01 -4.7187520E-02 0.0000000E+00 0.0000000E+00 0.0000000E+00 0.0000000E+00 0.0000000E+00 0.0000000E+00
2.628000E+01 3.0557831E-01 -9.1580090E-02 0.0000000E+00 0.0000000E+00 0.0000000E+00 0.0000000E+00 0.0000000E+00 0.0000000E+00
1.224000E+01 3.4026839E-01 -1.4048558E-01 0.0000000E+00 0.0000000E+00 0.0000000E+00 0.0000000E+00 0.0000000E+00 0.0000000E+00
5.747000E+00 1.7668240E-01 -1.0367094E-01 1.0000000E+00 0.0000000E+00 0.0000000E+00 0.0000000E+00 0.0000000E+00 0.0000000E+00
2.365000E+00 2.0854750E-02 1.5282048E-01 0.0000000E+00 1.0000000E+00 0.0000000E+00 0.0000000E+00 0.0000000E+00 0.0000000E+00
1.071000E+00 -7.5322000E-04 4.4614578E-01 0.0000000E+00 0.0000000E+00 1.0000000E+00 0.0000000E+00 0.0000000E+00 0.0000000E+00
4.681000E-01 1.0744400E-03 4.3811811E-01 0.0000000E+00 0.0000000E+00 0.0000000E+00 1.0000000E+00 0.0000000E+00 0.0000000E+00
1.994000E-01 -7.9510000E-05 1.2447048E-01 0.0000000E+00 0.0000000E+00 0.0000000E+00 0.0000000E+00 1.0000000E+00 0.0000000E+00
7.315000E-02 0.0000000E+00 0.0000000E+00 0.0000000E+00 0.0000000E+00 0.0000000E+00 0.0000000E+00 0.0000000E+00 1.0000000E+00
F p
6.600000E+02 1.7721000E-04 0.0000000E+00 0.0000000E+00 0.0000000E+00 0.0000000E+00 0.0000000E+00 0.0000000E+00 0.0000000E+00
1.564000E+02 1.5269100E-03 0.0000000E+00 0.0000000E+00 0.0000000E+00 0.0000000E+00 0.0000000E+00 0.0000000E+00 0.0000000E+00
5.064000E+01 8.0720700E-03 0.0000000E+00 0.0000000E+00 0.0000000E+00 0.0000000E+00 0.0000000E+00 0.0000000E+00 0.0000000E+00
1.908000E+01 3.0740210E-02 0.0000000E+00 0.0000000E+00 0.0000000E+00 0.0000000E+00 0.0000000E+00 0.0000000E+00 0.0000000E+00
7.872000E+00 9.0119140E-02 1.0000000E+00 0.0000000E+00 0.0000000E+00 0.0000000E+00 0.0000000E+00 0.0000000E+00 0.0000000E+00
3.449000E+00 1.9528789E-01 0.0000000E+00 1.0000000E+00 0.0000000E+00 0.0000000E+00 0.0000000E+00 0.0000000E+00 0.0000000E+00
1.545000E+00 3.0107685E-01 0.0000000E+00 0.0000000E+00 1.0000000E+00 0.0000000E+00 0.0000000E+00 0.0000000E+00 0.0000000E+00
6.864000E-01 3.3322071E-01 0.0000000E+00 0.0000000E+00 0.0000000E+00 1.0000000E+00 0.0000000E+00 0.0000000E+00 0.0000000E+00
2.986000E-01 2.4114678E-01 0.0000000E+00 0.0000000E+00 0.0000000E+00 0.0000000E+00 1.0000000E+00 0.0000000E+00 0.0000000E+00
1.245000E-01 6.9672200E-02 0.0000000E+00 0.0000000E+00 0.0000000E+00 0.0000000E+00 0.0000000E+00 1.0000000E+00 0.0000000E+00
4.760000E-02 0.0000000E+00 0.0000000E+00 0.0000000E+00 0.0000000E+00 0.0000000E+00 0.0000000E+00 0.0000000E+00 1.0000000E+00
F d
1.599120E+01 1.0000000E+00 0.0000000E+00 0.0000000E+00 0.0000000E+00 0.0000000E+00
6.120300E+00 0.0000000E+00 1.0000000E+00 0.0000000E+00 0.0000000E+00 0.0000000E+00
2.342400E+00 0.0000000E+00 0.0000000E+00 1.0000000E+00 0.0000000E+00 0.0000000E+00
8.965000E-01 0.0000000E+00 0.0000000E+00 0.0000000E+00 1.0000000E+00 0.0000000E+00
3.431000E-01 0.0000000E+00 0.0000000E+00 0.0000000E+00 0.0000000E+00 1.0000000E+00
F f
8.354700E+00 1.0000000E+00 0.0000000E+00 0.0000000E+00 0.0000000E+00
3.242600E+00 0.0000000E+00 1.0000000E+00 0.0000000E+00 0.0000000E+00
1.258500E+00 0.0000000E+00 0.0000000E+00 1.0000000E+00 0.0000000E+00
4.885000E-01 0.0000000E+00 0.0000000E+00 0.0000000E+00 1.0000000E+00
F g
5.445300E+00 1.0000000E+00 0.0000000E+00 0.0000000E+00
1.885100E+00 0.0000000E+00 1.0000000E+00 0.0000000E+00
6.526000E-01 0.0000000E+00 0.0000000E+00 1.0000000E+00
F h
3.795500E+00 1.0000000E+00 0.0000000E+00
7.816000E-01 0.0000000E+00 1.0000000E+00
#BASIS SET:
Al s
3.652000E+06 1.9000000E-06 -5.0000000E-07 1.0000000E-07 0.0000000E+00 0.0000000E+00 0.0000000E+00 0.0000000E+00 0.0000000E+00 0.0000000E+00
5.468000E+05 1.4500000E-05 -3.8000000E-06 9.0000000E-07 0.0000000E+00 0.0000000E+00 0.0000000E+00 0.0000000E+00 0.0000000E+00 0.0000000E+00
1.245000E+05 7.6200000E-05 -1.9800000E-05 4.6000000E-06 0.0000000E+00 0.0000000E+00 0.0000000E+00 0.0000000E+00 0.0000000E+00 0.0000000E+00
3.544000E+04 3.1580000E-04 -8.2100000E-05 1.9000000E-05 0.0000000E+00 0.0000000E+00 0.0000000E+00 0.0000000E+00 0.0000000E+00 0.0000000E+00
1.184000E+04 1.0974000E-03 -2.8580000E-04 6.5900000E-05 0.0000000E+00 0.0000000E+00 0.0000000E+00 0.0000000E+00 0.0000000E+00 0.0000000E+00
4.434000E+03 3.3697000E-03 -8.7850000E-04 2.0310000E-04 0.0000000E+00 0.0000000E+00 0.0000000E+00 0.0000000E+00 0.0000000E+00 0.0000000E+00
1.812000E+03 9.3222000E-03 -2.4482000E-03 5.6470000E-04 0.0000000E+00 0.0000000E+00 0.0000000E+00 0.0000000E+00 0.0000000E+00 0.0000000E+00
7.915000E+02 2.3799200E-02 -6.3100000E-03 1.4620000E-03 0.0000000E+00 0.0000000E+00 0.0000000E+00 0.0000000E+00 0.0000000E+00 0.0000000E+00
3.610000E+02 5.6819100E-02 -1.5485400E-02 3.5794000E-03 0.0000000E+00 0.0000000E+00 0.0000000E+00 0.0000000E+00 0.0000000E+00 0.0000000E+00
1.695000E+02 1.2246800E-01 -3.4958900E-02 8.1516000E-03 0.0000000E+00 0.0000000E+00 0.0000000E+00 0.0000000E+00 0.0000000E+00 0.0000000E+00
8.168000E+01 2.2389700E-01 -7.0772900E-02 1.6527600E-02 0.0000000E+00 0.0000000E+00 0.0000000E+00 0.0000000E+00 0.0000000E+00 0.0000000E+00
4.028000E+01 3.1344600E-01 -1.1942300E-01 2.8546700E-02 0.0000000E+00 0.0000000E+00 0.0000000E+00 0.0000000E+00 0.0000000E+00 0.0000000E+00
2.025000E+01 2.7497500E-01 -1.4884200E-01 3.6148400E-02 0.0000000E+00 0.0000000E+00 0.0000000E+00 0.0000000E+00 0.0000000E+00 0.0000000E+00
1.023000E+01 1.1056400E-01 -5.9046500E-02 1.5380400E-02 0.0000000E+00 0.0000000E+00 0.0000000E+00 0.0000000E+00 0.0000000E+00 0.0000000E+00
4.802000E+00 1.1921500E-02 2.1669300E-01 -6.1214100E-02 0.0000000E+00 0.0000000E+00 0.0000000E+00 0.0000000E+00 0.0000000E+00 0.0000000E+00
2.339000E+00 6.5280000E-04 4.7655700E-01 -1.5126300E-01 0.0000000E+00 0.0000000E+00 0.0000000E+00 0.0000000E+00 0.0000000E+00 0.0000000E+00
1.163000E+00 4.7350000E-04 3.7559000E-01 -2.2301200E-01 1.0000000E+00 0.0000000E+00 0.0000000E+00 0.0000000E+00 0.0000000E+00 0.0000000E+00
5.882000E-01 -2.7000000E-05 8.6658100E-02 -8.3286400E-02 0.0000000E+00 1.0000000E+00 0.0000000E+00 0.0000000E+00 0.0000000E+00 0.0000000E+00
2.311000E-01 1.7600000E-05 2.4337000E-03 3.8683000E-01 0.0000000E+00 0.0000000E+00 1.0000000E+00 0.0000000E+00 0.0000000E+00 0.0000000E+00
1.027000E-01 -1.0300000E-05 -2.3910000E-04 5.9043200E-01 0.0000000E+00 0.0000000E+00 0.0000000E+00 1.0000000E+00 0.0000000E+00 0.0000000E+00
4.521000E-02 1.9000000E-06 1.1980000E-04 2.1007500E-01 0.0000000E+00 0.0000000E+00 0.0000000E+00 0.0000000E+00 1.0000000E+00 0.0000000E+00
1.737000E-02 0.0000000E+00 0.0000000E+00 0.0000000E+00 0.0000000E+00 0.0000000E+00 0.0000000E+00 0.0000000E+00 0.0000000E+00 1.0000000E+00
Al p
2.884000E+03 6.3800000E-05 -8.0000000E-06 0.0000000E+00 0.0000000E+00 0.0000000E+00 0.0000000E+00 0.0000000E+00 0.0000000E+00
6.832000E+02 5.6310000E-04 -6.5100000E-05 0.0000000E+00 0.0000000E+00 0.0000000E+00 0.0000000E+00 0.0000000E+00 0.0000000E+00
2.220000E+02 3.1691000E-03 -3.9990000E-04 0.0000000E+00 0.0000000E+00 0.0000000E+00 0.0000000E+00 0.0000000E+00 0.0000000E+00
8.482000E+01 1.3240100E-02 -1.5369000E-03 0.0000000E+00 0.0000000E+00 0.0000000E+00 0.0000000E+00 0.0000000E+00 0.0000000E+00
3.581000E+01 4.3340300E-02 -5.5644000E-03 0.0000000E+00 0.0000000E+00 0.0000000E+00 0.0000000E+00 0.0000000E+00 0.0000000E+00
1.622000E+01 1.1195000E-01 -1.3110600E-02 0.0000000E+00 0.0000000E+00 0.0000000E+00 0.0000000E+00 0.0000000E+00 0.0000000E+00
7.702000E+00 2.1779600E-01 -2.9720000E-02 0.0000000E+00 0.0000000E+00 0.0000000E+00 0.0000000E+00 0.0000000E+00 0.0000000E+00
3.741000E+00 3.1167500E-01 -3.4719500E-02 0.0000000E+00 0.0000000E+00 0.0000000E+00 0.0000000E+00 0.0000000E+00 0.0000000E+00
1.831000E+00 3.1672200E-01 -5.5162100E-02 0.0000000E+00 0.0000000E+00 0.0000000E+00 0.0000000E+00 0.0000000E+00 0.0000000E+00
8.878000E-01 1.7961300E-01 -2.1699000E-03 1.0000000E+00 0.0000000E+00 0.0000000E+00 0.0000000E+00 0.0000000E+00 0.0000000E+00
3.989000E-01 3.1510900E-02 2.5156200E-02 0.0000000E+00 1.0000000E+00 0.0000000E+00 0.0000000E+00 0.0000000E+00 0.0000000E+00
1.718000E-01 7.2800000E-05 3.1722700E-01 0.0000000E+00 0.0000000E+00 1.0000000E+00 0.0000000E+00 0.0000000E+00 0.0000000E+00
7.298000E-02 6.5930000E-04 9.7780300E-02 0.0000000E+00 0.0000000E+00 0.0000000E+00 1.0000000E+00 0.0000000E+00 0.0000000E+00
3.069000E-02 -1.4140000E-04 7.1634400E-01 0.0000000E+00 0.0000000E+00 0.0000000E+00 0.0000000E+00 1.0000000E+00 0.0000000E+00
1.021000E-02 0.0000000E+00 0.0000000E+00 0.0000000E+00 0.0000000E+00 0.0000000E+00 0.0000000E+00 0.0000000E+00 1.0000000E+00
Al d
3.985670E+00 1.0000000E+00 0.0000000E+00 0.0000000E+00 0.0000000E+00 0.0000000E+00 0.0000000E+00
1.226450E+00 0.0000000E+00 1.0000000E+00 0.0000000E+00 0.0000000E+00 0.0000000E+00 0.0000000E+00
5.960850E-01 0.0000000E+00 0.0000000E+00 1.0000000E+00 0.0000000E+00 0.0000000E+00 0.0000000E+00
2.897120E-01 0.0000000E+00 0.0000000E+00 0.0000000E+00 1.0000000E+00 0.0000000E+00 0.0000000E+00
1.408070E-01 0.0000000E+00 0.0000000E+00 0.0000000E+00 0.0000000E+00 1.0000000E+00 0.0000000E+00
6.843600E-02 0.0000000E+00 0.0000000E+00 0.0000000E+00 0.0000000E+00 0.0000000E+00 1.0000000E+00
Al f
1.556390E+00 1.0000000E+00 0.0000000E+00 0.0000000E+00 0.0000000E+00
3.837920E-01 0.0000000E+00 1.0000000E+00 0.0000000E+00 0.0000000E+00
1.941230E-01 0.0000000E+00 0.0000000E+00 1.0000000E+00 0.0000000E+00
9.818800E-02 0.0000000E+00 0.0000000E+00 0.0000000E+00 1.0000000E+00
Al g
4.373040E-01 1.0000000E+00 0.0000000E+00 0.0000000E+00
2.333200E-01 0.0000000E+00 1.0000000E+00 0.0000000E+00
1.244870E-01 0.0000000E+00 0.0000000E+00 1.0000000E+00
Al h
3.337000E-01 1.0000000E+00 0.0000000E+00
1.677240E-01 0.0000000E+00 1.0000000E+00
#BASIS SET:
Si s
4.465000E+06 1.7000000E-06 -5.0000000E-07 1.0000000E-07 0.0000000E+00 0.0000000E+00 0.0000000E+00 0.0000000E+00 0.0000000E+00 0.0000000E+00
6.685000E+05 1.3600000E-05 -3.6000000E-06 9.0000000E-07 0.0000000E+00 0.0000000E+00 0.0000000E+00 0.0000000E+00 0.0000000E+00 0.0000000E+00
1.522000E+05 7.1400000E-05 -1.9000000E-05 4.9000000E-06 0.0000000E+00 0.0000000E+00 0.0000000E+00 0.0000000E+00 0.0000000E+00 0.0000000E+00
4.330000E+04 2.9730000E-04 -7.9100000E-05 2.0300000E-05 0.0000000E+00 0.0000000E+00 0.0000000E+00 0.0000000E+00 0.0000000E+00 0.0000000E+00
1.441000E+04 1.0383000E-03 -2.7690000E-04 7.0900000E-05 0.0000000E+00 0.0000000E+00 0.0000000E+00 0.0000000E+00 0.0000000E+00 0.0000000E+00
5.394000E+03 3.1747000E-03 -8.4720000E-04 2.1720000E-04 0.0000000E+00 0.0000000E+00 0.0000000E+00 0.0000000E+00 0.0000000E+00 0.0000000E+00
2.212000E+03 8.7324000E-03 -2.3478000E-03 6.0130000E-04 0.0000000E+00 0.0000000E+00 0.0000000E+00 0.0000000E+00 0.0000000E+00 0.0000000E+00
9.681000E+02 2.2383000E-02 -6.0705000E-03 1.5591000E-03 0.0000000E+00 0.0000000E+00 0.0000000E+00 0.0000000E+00 0.0000000E+00 0.0000000E+00
4.412000E+02 5.3727300E-02 -1.4971100E-02 3.8443000E-03 0.0000000E+00 0.0000000E+00 0.0000000E+00 0.0000000E+00 0.0000000E+00 0.0000000E+00
2.071000E+02 1.1664900E-01 -3.3972900E-02 8.7797000E-03 0.0000000E+00 0.0000000E+00 0.0000000E+00 0.0000000E+00 0.0000000E+00 0.0000000E+00
9.980000E+01 2.1597800E-01 -6.9458400E-02 1.8038800E-02 0.0000000E+00 0.0000000E+00 0.0000000E+00 0.0000000E+00 0.0000000E+00 0.0000000E+00
4.924000E+01 3.0956600E-01 -1.1900100E-01 3.1522400E-02 0.0000000E+00 0.0000000E+00 0.0000000E+00 0.0000000E+00 0.0000000E+00 0.0000000E+00
2.474000E+01 2.8394500E-01 -1.5364500E-01 4.1690500E-02 0.0000000E+00 0.0000000E+00 0.0000000E+00 0.0000000E+00 0.0000000E+00 0.0000000E+00
1.247000E+01 1.2223200E-01 -7.0468400E-02 2.0097300E-02 0.0000000E+00 0.0000000E+00 0.0000000E+00 0.0000000E+00 0.0000000E+00 0.0000000E+00
5.795000E+00 1.4195200E-02 2.1314900E-01 -6.6748400E-02 0.0000000E+00 0.0000000E+00 0.0000000E+00 0.0000000E+00 0.0000000E+00 0.0000000E+00
2.830000E+00 3.1210000E-04 4.9159600E-01 -1.8190600E-01 0.0000000E+00 0.0000000E+00 0.0000000E+00 0.0000000E+00 0.0000000E+00 0.0000000E+00
1.407000E+00 6.1900000E-04 3.7831000E-01 -2.6029500E-01 1.0000000E+00 0.0000000E+00 0.0000000E+00 0.0000000E+00 0.0000000E+00 0.0000000E+00
6.995000E-01 -1.2750000E-04 7.5752400E-02 -5.4420000E-02 0.0000000E+00 1.0000000E+00 0.0000000E+00 0.0000000E+00 0.0000000E+00 0.0000000E+00
3.083000E-01 5.0600000E-05 1.5840000E-03 4.2984500E-01 0.0000000E+00 0.0000000E+00 1.0000000E+00 0.0000000E+00 0.0000000E+00 0.0000000E+00
1.385000E-01 -2.7900000E-05 3.4350000E-04 5.7876300E-01 0.0000000E+00 0.0000000E+00 0.0000000E+00 1.0000000E+00 0.0000000E+00 0.0000000E+00
6.145000E-02 5.4000000E-06 5.9300000E-05 1.8973500E-01 0.0000000E+00 0.0000000E+00 0.0000000E+00 0.0000000E+00 1.0000000E+00 0.0000000E+00
2.539000E-02 0.0000000E+00 0.0000000E+00 0.0000000E+00 0.0000000E+00 0.0000000E+00 0.0000000E+00 0.0000000E+00 0.0000000E+00 1.0000000E+00
Si p
3.572000E+03 5.9900000E-05 -1.2800000E-05 0.0000000E+00 0.0000000E+00 0.0000000E+00 0.0000000E+00 0.0000000E+00 0.0000000E+00
8.460000E+02 5.2960000E-04 -1.1260000E-04 0.0000000E+00 0.0000000E+00 0.0000000E+00 0.0000000E+00 0.0000000E+00 0.0000000E+00
2.748000E+02 2.9958000E-03 -6.4020000E-04 0.0000000E+00 0.0000000E+00 0.0000000E+00 0.0000000E+00 0.0000000E+00 0.0000000E+00
1.050000E+02 1.2633500E-02 -2.7029000E-03 0.0000000E+00 0.0000000E+00 0.0000000E+00 0.0000000E+00 0.0000000E+00 0.0000000E+00
4.435000E+01 4.1904400E-02 -9.0789000E-03 0.0000000E+00 0.0000000E+00 0.0000000E+00 0.0000000E+00 0.0000000E+00 0.0000000E+00
2.008000E+01 1.1025900E-01 -2.4234800E-02 0.0000000E+00 0.0000000E+00 0.0000000E+00 0.0000000E+00 0.0000000E+00 0.0000000E+00
9.530000E+00 2.1883100E-01 -4.9346000E-02 0.0000000E+00 0.0000000E+00 0.0000000E+00 0.0000000E+00 0.0000000E+00 0.0000000E+00
4.634000E+00 3.1782800E-01 -7.2585900E-02 0.0000000E+00 0.0000000E+00 0.0000000E+00 0.0000000E+00 0.0000000E+00 0.0000000E+00
2.280000E+00 3.1942500E-01 -8.0425800E-02 0.0000000E+00 0.0000000E+00 0.0000000E+00 0.0000000E+00 0.0000000E+00 0.0000000E+00
1.116000E+00 1.7063400E-01 -2.7607600E-02 1.0000000E+00 0.0000000E+00 0.0000000E+00 0.0000000E+00 0.0000000E+00 0.0000000E+00
4.991000E-01 2.6834200E-02 1.7014800E-01 0.0000000E+00 1.0000000E+00 0.0000000E+00 0.0000000E+00 0.0000000E+00 0.0000000E+00
2.254000E-01 -3.0200000E-04 4.1115800E-01 0.0000000E+00 0.0000000E+00 1.0000000E+00 0.0000000E+00 0.0000000E+00 0.0000000E+00
1.001000E-01 7.9320000E-04 4.2507000E-01 0.0000000E+00 0.0000000E+00 0.0000000E+00 1.0000000E+00 0.0000000E+00 0.0000000E+00
4.332000E-02 -1.1870000E-04 1.4478900E-01 0.0000000E+00 0.0000000E+00 0.0000000E+00 0.0000000E+00 1.0000000E+00 0.0000000E+00
1.694000E-02 0.0000000E+00 0.0000000E+00 0.0000000E+00 0.0000000E+00 0.0000000E+00 0.0000000E+00 0.0000000E+00 1.0000000E+00
Si d
8.904400E+00 1.0000000E+00 0.0000000E+00 0.0000000E+00 0.0000000E+00 0.0000000E+00 0.0000000E+00
2.445200E+00 0.0000000E+00 1.0000000E+00 0.0000000E+00 0.0000000E+00 0.0000000E+00 0.0000000E+00
1.093650E+00 0.0000000E+00 0.0000000E+00 1.0000000E+00 0.0000000E+00 0.0000000E+00 0.0000000E+00
4.891490E-01 0.0000000E+00 0.0000000E+00 0.0000000E+00 1.0000000E+00 0.0000000E+00 0.0000000E+00
2.187780E-01 0.0000000E+00 0.0000000E+00 0.0000000E+00 0.0000000E+00 1.0000000E+00 0.0000000E+00
9.785200E-02 0.0000000E+00 0.0000000E+00 0.0000000E+00 0.0000000E+00 0.0000000E+00 1.0000000E+00
Si f
2.650150E+00 1.0000000E+00 0.0000000E+00 0.0000000E+00 0.0000000E+00
5.586010E-01 0.0000000E+00 1.0000000E+00 0.0000000E+00 0.0000000E+00
2.730130E-01 0.0000000E+00 0.0000000E+00 1.0000000E+00 0.0000000E+00
1.334340E-01 0.0000000E+00 0.0000000E+00 0.0000000E+00 1.0000000E+00
Si g
6.586530E-01 1.0000000E+00 0.0000000E+00 0.0000000E+00
3.241820E-01 0.0000000E+00 1.0000000E+00 0.0000000E+00
1.595590E-01 0.0000000E+00 0.0000000E+00 1.0000000E+00
Si h
4.509420E-01 1.0000000E+00 0.0000000E+00
2.199290E-01 0.0000000E+00 1.0000000E+00
#BASIS SET:
P s
5.384000E+06 1.6000000E-06 -4.0000000E-07 1.0000000E-07 0.0000000E+00 0.0000000E+00 0.0000000E+00 0.0000000E+00 0.0000000E+00 0.0000000E+00
8.062000E+05 1.2800000E-05 -3.5000000E-06 1.0000000E-06 0.0000000E+00 0.0000000E+00 0.0000000E+00 0.0000000E+00 0.0000000E+00 0.0000000E+00
1.836000E+05 6.7200000E-05 -1.8300000E-05 5.0000000E-06 0.0000000E+00 0.0000000E+00 0.0000000E+00 0.0000000E+00 0.0000000E+00 0.0000000E+00
5.225000E+04 2.7970000E-04 -7.5900000E-05 2.0900000E-05 0.0000000E+00 0.0000000E+00 0.0000000E+00 0.0000000E+00 0.0000000E+00 0.0000000E+00
1.739000E+04 9.7670000E-04 -2.6570000E-04 7.3000000E-05 0.0000000E+00 0.0000000E+00 0.0000000E+00 0.0000000E+00 0.0000000E+00 0.0000000E+00
6.523000E+03 2.9684000E-03 -8.0800000E-04 2.2210000E-04 0.0000000E+00 0.0000000E+00 0.0000000E+00 0.0000000E+00 0.0000000E+00 0.0000000E+00
2.687000E+03 8.1240000E-03 -2.2273000E-03 6.1220000E-04 0.0000000E+00 0.0000000E+00 0.0000000E+00 0.0000000E+00 0.0000000E+00 0.0000000E+00
1.178000E+03 2.0920000E-02 -5.7833000E-03 1.5918000E-03 0.0000000E+00 0.0000000E+00 0.0000000E+00 0.0000000E+00 0.0000000E+00 0.0000000E+00
5.362000E+02 5.0559000E-02 -1.4343800E-02 3.9534000E-03 0.0000000E+00 0.0000000E+00 0.0000000E+00 0.0000000E+00 0.0000000E+00 0.0000000E+00
2.515000E+02 1.1047900E-01 -3.2706100E-02 9.0572000E-03 0.0000000E+00 0.0000000E+00 0.0000000E+00 0.0000000E+00 0.0000000E+00 0.0000000E+00
1.213000E+02 2.0695700E-01 -6.7371600E-02 1.8790900E-02 0.0000000E+00 0.0000000E+00 0.0000000E+00 0.0000000E+00 0.0000000E+00 0.0000000E+00
5.988000E+01 3.0473700E-01 -1.1764700E-01 3.3383100E-02 0.0000000E+00 0.0000000E+00 0.0000000E+00 0.0000000E+00 0.0000000E+00 0.0000000E+00
3.005000E+01 2.9295200E-01 -1.5728000E-01 4.5948400E-02 0.0000000E+00 0.0000000E+00 0.0000000E+00 0.0000000E+00 0.0000000E+00 0.0000000E+00
1.512000E+01 1.3556100E-01 -8.3854400E-02 2.5524000E-02 0.0000000E+00 0.0000000E+00 0.0000000E+00 0.0000000E+00 0.0000000E+00 0.0000000E+00
7.010000E+00 1.7320800E-02 1.9971800E-01 -6.6949600E-02 0.0000000E+00 0.0000000E+00 0.0000000E+00 0.0000000E+00 0.0000000E+00 0.0000000E+00
3.441000E+00 -3.5200000E-05 4.9860500E-01 -2.0364500E-01 0.0000000E+00 0.0000000E+00 0.0000000E+00 0.0000000E+00 0.0000000E+00 0.0000000E+00
1.712000E+00 8.0330000E-04 3.8981500E-01 -2.8722800E-01 1.0000000E+00 0.0000000E+00 0.0000000E+00 0.0000000E+00 0.0000000E+00 0.0000000E+00
8.337000E-01 -2.4380000E-04 7.4341000E-02 -3.3821100E-02 0.0000000E+00 1.0000000E+00 0.0000000E+00 0.0000000E+00 0.0000000E+00 0.0000000E+00
3.912000E-01 9.8700000E-05 7.3800000E-04 4.5448200E-01 0.0000000E+00 0.0000000E+00 1.0000000E+00 0.0000000E+00 0.0000000E+00 0.0000000E+00
1.777000E-01 -5.1200000E-05 9.2760000E-04 5.6879100E-01 0.0000000E+00 0.0000000E+00 0.0000000E+00 1.0000000E+00 0.0000000E+00 0.0000000E+00
7.939000E-02 1.0100000E-05 -1.7000000E-06 1.7859000E-01 0.0000000E+00 0.0000000E+00 0.0000000E+00 0.0000000E+00 1.0000000E+00 0.0000000E+00
3.228000E-02 0.0000000E+00 0.0000000E+00 0.0000000E+00 0.0000000E+00 0.0000000E+00 0.0000000E+00 0.0000000E+00 0.0000000E+00 1.0000000E+00
P p
4.552000E+03 5.2000000E-05 -1.2400000E-05 0.0000000E+00 0.0000000E+00 0.0000000E+00 0.0000000E+00 0.0000000E+00 0.0000000E+00
1.078000E+03 4.6040000E-04 -1.0940000E-04 0.0000000E+00 0.0000000E+00 0.0000000E+00 0.0000000E+00 0.0000000E+00 0.0000000E+00
3.501000E+02 2.6208000E-03 -6.2560000E-04 0.0000000E+00 0.0000000E+00 0.0000000E+00 0.0000000E+00 0.0000000E+00 0.0000000E+00
1.338000E+02 1.1187300E-02 -2.6734000E-03 0.0000000E+00 0.0000000E+00 0.0000000E+00 0.0000000E+00 0.0000000E+00 0.0000000E+00
5.652000E+01 3.7822900E-02 -9.1552000E-03 0.0000000E+00 0.0000000E+00 0.0000000E+00 0.0000000E+00 0.0000000E+00 0.0000000E+00
2.558000E+01 1.0211600E-01 -2.5099300E-02 0.0000000E+00 0.0000000E+00 0.0000000E+00 0.0000000E+00 0.0000000E+00 0.0000000E+00
1.214000E+01 2.1031400E-01 -5.3181000E-02 0.0000000E+00 0.0000000E+00 0.0000000E+00 0.0000000E+00 0.0000000E+00 0.0000000E+00
5.902000E+00 3.1738300E-01 -8.1588800E-02 0.0000000E+00 0.0000000E+00 0.0000000E+00 0.0000000E+00 0.0000000E+00 0.0000000E+00
2.910000E+00 3.2716500E-01 -9.1972500E-02 0.0000000E+00 0.0000000E+00 0.0000000E+00 0.0000000E+00 0.0000000E+00 0.0000000E+00
1.435000E+00 1.7768700E-01 -2.9266800E-02 1.0000000E+00 0.0000000E+00 0.0000000E+00 0.0000000E+00 0.0000000E+00 0.0000000E+00
6.570000E-01 2.9358000E-02 1.8799600E-01 0.0000000E+00 1.0000000E+00 0.0000000E+00 0.0000000E+00 0.0000000E+00 0.0000000E+00
3.005000E-01 -7.6800000E-05 4.2719100E-01 0.0000000E+00 0.0000000E+00 1.0000000E+00 0.0000000E+00 0.0000000E+00 0.0000000E+00
1.340000E-01 6.7200000E-04 4.1014600E-01 0.0000000E+00 0.0000000E+00 0.0000000E+00 1.0000000E+00 0.0000000E+00 0.0000000E+00
5.783000E-02 -1.1680000E-04 1.2646500E-01 0.0000000E+00 0.0000000E+00 0.0000000E+00 0.0000000E+00 1.0000000E+00 0.0000000E+00
2.197000E-02 0.0000000E+00 0.0000000E+00 0.0000000E+00 0.0000000E+00 0.0000000E+00 0.0000000E+00 0.0000000E+00 1.0000000E+00
P d
1.133260E+01 1.0000000E+00 0.0000000E+00 0.0000000E+00 0.0000000E+00 0.0000000E+00 0.0000000E+00
3.162510E+00 0.0000000E+00 1.0000000E+00 0.0000000E+00 0.0000000E+00 0.0000000E+00 0.0000000E+00
1.398480E+00 0.0000000E+00 0.0000000E+00 1.0000000E+00 0.0000000E+00 0.0000000E+00 0.0000000E+00
6.184150E-01 0.0000000E+00 0.0000000E+00 0.0000000E+00 1.0000000E+00 0.0000000E+00 0.0000000E+00
2.734660E-01 0.0000000E+00 0.0000000E+00 0.0000000E+00 0.0000000E+00 1.0000000E+00 0.0000000E+00
1.209280E-01 0.0000000E+00 0.0000000E+00 0.0000000E+00 0.0000000E+00 0.0000000E+00 1.0000000E+00
P f
3.628850E+00 1.0000000E+00 0.0000000E+00 0.0000000E+00 0.0000000E+00
7.160780E-01 0.0000000E+00 1.0000000E+00 0.0000000E+00 0.0000000E+00
3.340320E-01 0.0000000E+00 0.0000000E+00 1.0000000E+00 0.0000000E+00
1.558170E-01 0.0000000E+00 0.0000000E+00 0.0000000E+00 1.0000000E+00
P g
8.261180E-01 1.0000000E+00 0.0000000E+00 0.0000000E+00
3.902430E-01 0.0000000E+00 1.0000000E+00 0.0000000E+00
1.843440E-01 0.0000000E+00 0.0000000E+00 1.0000000E+00
P h
5.098770E-01 1.0000000E+00 0.0000000E+00
2.449950E-01 0.0000000E+00 1.0000000E+00
#BASIS SET:
Cl s
7.733000E+06 1.4347400E-06 -4.0222700E-07 1.2169600E-07 0.0000000E+00 0.0000000E+00 0.0000000E+00 0.0000000E+00 0.0000000E+00 0.0000000E+00
1.158000E+06 1.1148600E-05 -3.1244800E-06 9.4514100E-07 0.0000000E+00 0.0000000E+00 0.0000000E+00 0.0000000E+00 0.0000000E+00 0.0000000E+00
2.637000E+05 5.8586500E-05 -1.6429000E-05 4.9711900E-06 0.0000000E+00 0.0000000E+00 0.0000000E+00 0.0000000E+00 0.0000000E+00 0.0000000E+00
7.501000E+04 2.4451800E-04 -6.8542100E-05 2.0732300E-05 0.0000000E+00 0.0000000E+00 0.0000000E+00 0.0000000E+00 0.0000000E+00 0.0000000E+00
2.489000E+04 8.5828700E-04 -2.4100100E-04 7.2940200E-05 0.0000000E+00 0.0000000E+00 0.0000000E+00 0.0000000E+00 0.0000000E+00 0.0000000E+00
9.318000E+03 2.6101900E-03 -7.3353800E-04 2.2189900E-04 0.0000000E+00 0.0000000E+00 0.0000000E+00 0.0000000E+00 0.0000000E+00 0.0000000E+00
3.840000E+03 7.1378400E-03 -2.0183000E-03 6.1135500E-04 0.0000000E+00 0.0000000E+00 0.0000000E+00 0.0000000E+00 0.0000000E+00 0.0000000E+00
1.684000E+03 1.8456400E-02 -5.2610700E-03 1.5933700E-03 0.0000000E+00 0.0000000E+00 0.0000000E+00 0.0000000E+00 0.0000000E+00 0.0000000E+00
7.663000E+02 4.4894400E-02 -1.3098600E-02 3.9800100E-03 0.0000000E+00 0.0000000E+00 0.0000000E+00 0.0000000E+00 0.0000000E+00 0.0000000E+00
3.595000E+02 9.9382200E-02 -3.0179400E-02 9.1937500E-03 0.0000000E+00 0.0000000E+00 0.0000000E+00 0.0000000E+00 0.0000000E+00 0.0000000E+00
1.734000E+02 1.9078200E-01 -6.3188800E-02 1.9439900E-02 0.0000000E+00 0.0000000E+00 0.0000000E+00 0.0000000E+00 0.0000000E+00 0.0000000E+00
8.561000E+01 2.9356500E-01 -1.1385900E-01 3.5518700E-02 0.0000000E+00 0.0000000E+00 0.0000000E+00 0.0000000E+00 0.0000000E+00 0.0000000E+00
4.293000E+01 3.0647700E-01 -1.6125100E-01 5.2067400E-02 0.0000000E+00 0.0000000E+00 0.0000000E+00 0.0000000E+00 0.0000000E+00 0.0000000E+00
2.155000E+01 1.6220900E-01 -1.0923400E-01 3.6564400E-02 0.0000000E+00 0.0000000E+00 0.0000000E+00 0.0000000E+00 0.0000000E+00 0.0000000E+00
1.005000E+01 2.4938300E-02 1.6299900E-01 -5.9750000E-02 0.0000000E+00 0.0000000E+00 0.0000000E+00 0.0000000E+00 0.0000000E+00 0.0000000E+00
4.978000E+00 -5.1314200E-04 5.0141300E-01 -2.3164100E-01 0.0000000E+00 0.0000000E+00 0.0000000E+00 0.0000000E+00 0.0000000E+00 0.0000000E+00
2.478000E+00 1.1024100E-03 4.2060700E-01 -3.2984600E-01 1.0000000E+00 0.0000000E+00 0.0000000E+00 0.0000000E+00 0.0000000E+00 0.0000000E+00
1.180000E+00 -4.3165300E-04 8.1929300E-02 -1.2432000E-02 0.0000000E+00 1.0000000E+00 0.0000000E+00 0.0000000E+00 0.0000000E+00 0.0000000E+00
5.828000E-01 1.7868100E-04 -3.2972200E-05 4.9182900E-01 0.0000000E+00 0.0000000E+00 1.0000000E+00 0.0000000E+00 0.0000000E+00 0.0000000E+00
2.668000E-01 -8.8952500E-05 1.7902300E-03 5.5697300E-01 0.0000000E+00 0.0000000E+00 0.0000000E+00 1.0000000E+00 0.0000000E+00 0.0000000E+00
1.183000E-01 1.6615200E-05 -3.8286300E-05 1.5849700E-01 0.0000000E+00 0.0000000E+00 0.0000000E+00 0.0000000E+00 1.0000000E+00 0.0000000E+00
4.625000E-02 0.0000000E+00 0.0000000E+00 0.0000000E+00 0.0000000E+00 0.0000000E+00 0.0000000E+00 0.0000000E+00 0.0000000E+00 1.0000000E+00
Cl p
6.091000E+03 5.1619400E-05 -1.3925900E-05 0.0000000E+00 0.0000000E+00 0.0000000E+00 0.0000000E+00 0.0000000E+00 0.0000000E+00
1.442000E+03 4.5846800E-04 -1.2332400E-04 0.0000000E+00 0.0000000E+00 0.0000000E+00 0.0000000E+00 0.0000000E+00 0.0000000E+00
4.683000E+02 2.6150900E-03 -7.0755100E-04 0.0000000E+00 0.0000000E+00 0.0000000E+00 0.0000000E+00 0.0000000E+00 0.0000000E+00
1.790000E+02 1.1255400E-02 -3.0493900E-03 0.0000000E+00 0.0000000E+00 0.0000000E+00 0.0000000E+00 0.0000000E+00 0.0000000E+00
7.561000E+01 3.8457700E-02 -1.0575200E-02 0.0000000E+00 0.0000000E+00 0.0000000E+00 0.0000000E+00 0.0000000E+00 0.0000000E+00
3.422000E+01 1.0508100E-01 -2.9409400E-02 0.0000000E+00 0.0000000E+00 0.0000000E+00 0.0000000E+00 0.0000000E+00 0.0000000E+00
1.623000E+01 2.1860300E-01 -6.3229600E-02 0.0000000E+00 0.0000000E+00 0.0000000E+00 0.0000000E+00 0.0000000E+00 0.0000000E+00
7.890000E+00 3.3087400E-01 -9.8187000E-02 0.0000000E+00 0.0000000E+00 0.0000000E+00 0.0000000E+00 0.0000000E+00 0.0000000E+00
3.898000E+00 3.2587900E-01 -1.0587000E-01 0.0000000E+00 0.0000000E+00 0.0000000E+00 0.0000000E+00 0.0000000E+00 0.0000000E+00
1.933000E+00 1.5315900E-01 3.2288700E-03 1.0000000E+00 0.0000000E+00 0.0000000E+00 0.0000000E+00 0.0000000E+00 0.0000000E+00
9.057000E-01 2.1091000E-02 2.5830600E-01 0.0000000E+00 1.0000000E+00 0.0000000E+00 0.0000000E+00 0.0000000E+00 0.0000000E+00
4.140000E-01 1.0679500E-03 4.3332600E-01 0.0000000E+00 0.0000000E+00 1.0000000E+00 0.0000000E+00 0.0000000E+00 0.0000000E+00
1.836000E-01 8.2312800E-04 3.5450800E-01 0.0000000E+00 0.0000000E+00 0.0000000E+00 1.0000000E+00 0.0000000E+00 0.0000000E+00
7.859000E-02 1.2624400E-04 1.0318900E-01 0.0000000E+00 0.0000000E+00 0.0000000E+00 0.0000000E+00 1.0000000E+00 0.0000000E+00
3.163000E-02 0.0000000E+00 0.0000000E+00 0.0000000E+00 0.0000000E+00 0.0000000E+00 0.0000000E+00 0.0000000E+00 1.0000000E+00
Cl d
2.059740E+01 1.0000000E+00 0.0000000E+00 0.0000000E+00 0.0000000E+00 0.0000000E+00 0.0000000E+00
5.741660E+00 0.0000000E+00 1.0000000E+00 0.0000000E+00 0.0000000E+00 0.0000000E+00 0.0000000E+00
2.427550E+00 0.0000000E+00 0.0000000E+00 1.0000000E+00 0.0000000E+00 0.0000000E+00 0.0000000E+00
1.026360E+00 0.0000000E+00 0.0000000E+00 0.0000000E+00 1.0000000E+00 0.0000000E+00 0.0000000E+00
4.339400E-01 0.0000000E+00 0.0000000E+00 0.0000000E+00 0.0000000E+00 1.0000000E+00 0.0000000E+00
1.834680E-01 0.0000000E+00 0.0000000E+00 0.0000000E+00 0.0000000E+00 0.0000000E+00 1.0000000E+00
Cl f
6.519250E+00 1.0000000E+00 0.0000000E+00 0.0000000E+00 0.0000000E+00
1.334800E+00 0.0000000E+00 1.0000000E+00 0.0000000E+00 0.0000000E+00
5.811380E-01 0.0000000E+00 0.0000000E+00 1.0000000E+00 0.0000000E+00
2.530120E-01 0.0000000E+00 0.0000000E+00 0.0000000E+00 1.0000000E+00
Cl g
1.526650E+00 1.0000000E+00 0.0000000E+00 0.0000000E+00
6.680200E-01 0.0000000E+00 1.0000000E+00 0.0000000E+00
2.923060E-01 0.0000000E+00 0.0000000E+00 1.0000000E+00
Cl h
9.469480E-01 1.0000000E+00 0.0000000E+00
4.149190E-01 0.0000000E+00 1.0000000E+00
#BASIS SET:
Ar s
9.149000E+06 1.3000000E-06 -4.0000000E-07 1.0000000E-07 0.0000000E+00 0.0000000E+00 0.0000000E+00 0.0000000E+00 0.0000000E+00 0.0000000E+00
1.370000E+06 1.0400000E-05 -3.0000000E-06 9.0000000E-07 0.0000000E+00 0.0000000E+00 0.0000000E+00 0.0000000E+00 0.0000000E+00 0.0000000E+00
3.119000E+05 5.4900000E-05 -1.5600000E-05 4.9000000E-06 0.0000000E+00 0.0000000E+00 0.0000000E+00 0.0000000E+00 0.0000000E+00 0.0000000E+00
8.865000E+04 2.2960000E-04 -6.5200000E-05 2.0400000E-05 0.0000000E+00 0.0000000E+00 0.0000000E+00 0.0000000E+00 0.0000000E+00 0.0000000E+00
2.933000E+04 8.1030000E-04 -2.3040000E-04 7.2000000E-05 0.0000000E+00 0.0000000E+00 0.0000000E+00 0.0000000E+00 0.0000000E+00 0.0000000E+00
1.093000E+04 2.4853000E-03 -7.0750000E-04 2.2100000E-04 0.0000000E+00 0.0000000E+00 0.0000000E+00 0.0000000E+00 0.0000000E+00 0.0000000E+00
4.480000E+03 6.8369000E-03 -1.9573000E-03 6.1250000E-04 0.0000000E+00 0.0000000E+00 0.0000000E+00 0.0000000E+00 0.0000000E+00 0.0000000E+00
1.962000E+03 1.7619900E-02 -5.0856000E-03 1.5908000E-03 0.0000000E+00 0.0000000E+00 0.0000000E+00 0.0000000E+00 0.0000000E+00 0.0000000E+00
8.941000E+02 4.2875200E-02 -1.2652800E-02 3.9722000E-03 0.0000000E+00 0.0000000E+00 0.0000000E+00 0.0000000E+00 0.0000000E+00 0.0000000E+00
4.196000E+02 9.5485300E-02 -2.9306500E-02 9.2204000E-03 0.0000000E+00 0.0000000E+00 0.0000000E+00 0.0000000E+00 0.0000000E+00 0.0000000E+00
2.023000E+02 1.8506400E-01 -6.1771200E-02 1.9636700E-02 0.0000000E+00 0.0000000E+00 0.0000000E+00 0.0000000E+00 0.0000000E+00 0.0000000E+00
9.984000E+01 2.8904200E-01 -1.1254100E-01 3.6257000E-02 0.0000000E+00 0.0000000E+00 0.0000000E+00 0.0000000E+00 0.0000000E+00 0.0000000E+00
5.007000E+01 3.1016600E-01 -1.6229300E-01 5.4172500E-02 0.0000000E+00 0.0000000E+00 0.0000000E+00 0.0000000E+00 0.0000000E+00 0.0000000E+00
2.514000E+01 1.7218300E-01 -1.1841200E-01 4.0999600E-02 0.0000000E+00 0.0000000E+00 0.0000000E+00 0.0000000E+00 0.0000000E+00 0.0000000E+00
1.181000E+01 2.8522700E-02 1.4614800E-01 -5.5174400E-02 0.0000000E+00 0.0000000E+00 0.0000000E+00 0.0000000E+00 0.0000000E+00 0.0000000E+00
5.882000E+00 -5.7570000E-04 4.9775200E-01 -2.3875400E-01 0.0000000E+00 0.0000000E+00 0.0000000E+00 0.0000000E+00 0.0000000E+00 0.0000000E+00
2.939000E+00 1.1812000E-03 4.3424000E-01 -3.4526400E-01 1.0000000E+00 0.0000000E+00 0.0000000E+00 0.0000000E+00 0.0000000E+00 0.0000000E+00
1.405000E+00 -4.8050000E-04 8.9074500E-02 -1.2238400E-02 0.0000000E+00 1.0000000E+00 0.0000000E+00 0.0000000E+00 0.0000000E+00 0.0000000E+00
6.963000E-01 1.8880000E-04 5.3810000E-04 4.9973700E-01 0.0000000E+00 0.0000000E+00 1.0000000E+00 0.0000000E+00 0.0000000E+00 0.0000000E+00
3.188000E-01 -9.7300000E-05 2.0404000E-03 5.5688900E-01 0.0000000E+00 0.0000000E+00 0.0000000E+00 1.0000000E+00 0.0000000E+00 0.0000000E+00
1.410000E-01 1.7400000E-05 -2.8000000E-05 1.5554200E-01 0.0000000E+00 0.0000000E+00 0.0000000E+00 0.0000000E+00 1.0000000E+00 0.0000000E+00
5.357000E-02 0.0000000E+00 0.0000000E+00 0.0000000E+00 0.0000000E+00 0.0000000E+00 0.0000000E+00 0.0000000E+00 0.0000000E+00 1.0000000E+00
Ar p
7.050000E+03 5.0200000E-05 -1.4000000E-05 0.0000000E+00 0.0000000E+00 0.0000000E+00 0.0000000E+00 0.0000000E+00 0.0000000E+00
1.669000E+03 4.4540000E-04 -1.2430000E-04 0.0000000E+00 0.0000000E+00 0.0000000E+00 0.0000000E+00 0.0000000E+00 0.0000000E+00
5.421000E+02 2.5480000E-03 -7.1470000E-04 0.0000000E+00 0.0000000E+00 0.0000000E+00 0.0000000E+00 0.0000000E+00 0.0000000E+00
2.071000E+02 1.1015500E-02 -3.0968000E-03 0.0000000E+00 0.0000000E+00 0.0000000E+00 0.0000000E+00 0.0000000E+00 0.0000000E+00
8.752000E+01 3.7849000E-02 -1.0796100E-02 0.0000000E+00 0.0000000E+00 0.0000000E+00 0.0000000E+00 0.0000000E+00 0.0000000E+00
3.961000E+01 1.0435500E-01 -3.0353600E-02 0.0000000E+00 0.0000000E+00 0.0000000E+00 0.0000000E+00 0.0000000E+00 0.0000000E+00
1.878000E+01 2.1933500E-01 -6.5978500E-02 0.0000000E+00 0.0000000E+00 0.0000000E+00 0.0000000E+00 0.0000000E+00 0.0000000E+00
9.130000E+00 3.3461500E-01 -1.0387700E-01 0.0000000E+00 0.0000000E+00 0.0000000E+00 0.0000000E+00 0.0000000E+00 0.0000000E+00
4.516000E+00 3.2677100E-01 -1.0995600E-01 0.0000000E+00 0.0000000E+00 0.0000000E+00 0.0000000E+00 0.0000000E+00 0.0000000E+00
2.245000E+00 1.4815300E-01 1.3324800E-02 1.0000000E+00 0.0000000E+00 0.0000000E+00 0.0000000E+00 0.0000000E+00 0.0000000E+00
1.065000E+00 1.9258600E-02 2.7428600E-01 0.0000000E+00 1.0000000E+00 0.0000000E+00 0.0000000E+00 0.0000000E+00 0.0000000E+00
4.885000E-01 5.5190000E-04 4.3493600E-01 0.0000000E+00 0.0000000E+00 1.0000000E+00 0.0000000E+00 0.0000000E+00 0.0000000E+00
2.166000E-01 1.7690000E-04 3.4097700E-01 0.0000000E+00 0.0000000E+00 0.0000000E+00 1.0000000E+00 0.0000000E+00 0.0000000E+00
9.255000E-02 -1.6900000E-05 9.5068400E-02 0.0000000E+00 0.0000000E+00 0.0000000E+00 0.0000000E+00 1.0000000E+00 0.0000000E+00
3.678000E-02 0.0000000E+00 0.0000000E+00 0.0000000E+00 0.0000000E+00 0.0000000E+00 0.0000000E+00 0.0000000E+00 1.0000000E+00
Ar d
2.548690E+01 1.0000000E+00 0.0000000E+00 0.0000000E+00 0.0000000E+00 0.0000000E+00 0.0000000E+00
7.247760E+00 0.0000000E+00 1.0000000E+00 0.0000000E+00 0.0000000E+00 0.0000000E+00 0.0000000E+00
3.031130E+00 0.0000000E+00 0.0000000E+00 1.0000000E+00 0.0000000E+00 0.0000000E+00 0.0000000E+00
1.267670E+00 0.0000000E+00 0.0000000E+00 0.0000000E+00 1.0000000E+00 0.0000000E+00 0.0000000E+00
5.301610E-01 0.0000000E+00 0.0000000E+00 0.0000000E+00 0.0000000E+00 1.0000000E+00 0.0000000E+00
2.217220E-01 0.0000000E+00 0.0000000E+00 0.0000000E+00 0.0000000E+00 0.0000000E+00 1.0000000E+00
Ar f
7.959640E+00 1.0000000E+00 0.0000000E+00 0.0000000E+00 0.0000000E+00
1.659800E+00 0.0000000E+00 1.0000000E+00 0.0000000E+00 0.0000000E+00
7.156960E-01 0.0000000E+00 0.0000000E+00 1.0000000E+00 0.0000000E+00
3.086030E-01 0.0000000E+00 0.0000000E+00 0.0000000E+00 1.0000000E+00
Ar g
1.934450E+00 1.0000000E+00 0.0000000E+00 0.0000000E+00
8.277470E-01 0.0000000E+00 1.0000000E+00 0.0000000E+00
3.541910E-01 0.0000000E+00 0.0000000E+00 1.0000000E+00
Ar h
1.404300E+00 1.0000000E+00 0.0000000E+00
5.302530E-01 0.0000000E+00 1.0000000E+00
END
