#
#K.E. Yousaf and K.A. Peterson, J. Chem. Phys. 129, 184108 (2008). Auxiliary RI (OptRI) matched to the cc-pVnZ-F12 Quadruple- Basis Set for HThis should be used within the CABS framework with the above orbital set
#

#BASIS SET:
H s
4.503623E+00 1.000000E+00 0.000000E+00 0.000000E+00
7.095383E-01 0.000000E+00 1.000000E+00 0.000000E+00
2.728158E-01 0.000000E+00 0.000000E+00 1.000000E+00
H p
5.737917E+00 1.000000E+00 0.000000E+00 0.000000E+00
1.867394E+00 0.000000E+00 1.000000E+00 0.000000E+00
7.057402E-01 0.000000E+00 0.000000E+00 1.000000E+00
H d
5.156094E+00 1.000000E+00 0.000000E+00 0.000000E+00
1.672628E+00 0.000000E+00 1.000000E+00 0.000000E+00
5.278382E-01 0.000000E+00 0.000000E+00 1.000000E+00
H f
2.077620E+00 1.000000E+00 0.000000E+00
1.039424E+00 0.000000E+00 1.000000E+00
H g
1.260787E+00 1.000000E+00
#BASIS SET:
B s
2.110533E+00 1.000000E+00 0.000000E+00 0.000000E+00 0.000000E+00
7.420703E-01 0.000000E+00 1.000000E+00 0.000000E+00 0.000000E+00
2.667248E-01 0.000000E+00 0.000000E+00 1.000000E+00 0.000000E+00
1.103915E-01 0.000000E+00 0.000000E+00 0.000000E+00 1.000000E+00
B p
3.505889E+00 1.000000E+00 0.000000E+00 0.000000E+00 0.000000E+00
1.079922E+00 0.000000E+00 1.000000E+00 0.000000E+00 0.000000E+00
4.429899E-01 0.000000E+00 0.000000E+00 1.000000E+00 0.000000E+00
1.889988E-01 0.000000E+00 0.000000E+00 0.000000E+00 1.000000E+00
B d
5.616678E+00 1.000000E+00 0.000000E+00 0.000000E+00 0.000000E+00
1.561377E+00 0.000000E+00 1.000000E+00 0.000000E+00 0.000000E+00
6.389317E-01 0.000000E+00 0.000000E+00 1.000000E+00 0.000000E+00
2.331164E-01 0.000000E+00 0.000000E+00 0.000000E+00 1.000000E+00
B f
3.158485E+00 1.000000E+00 0.000000E+00 0.000000E+00
6.454112E-01 0.000000E+00 1.000000E+00 0.000000E+00
2.440681E-01 0.000000E+00 0.000000E+00 1.000000E+00
B g
2.475701E+00 1.000000E+00 0.000000E+00
4.977582E-01 0.000000E+00 1.000000E+00
B h
7.913282E-01 1.000000E+00
#BASIS SET:
C s
2.604413E+00 1.000000E+00 0.000000E+00 0.000000E+00 0.000000E+00
1.013644E+00 0.000000E+00 1.000000E+00 0.000000E+00 0.000000E+00
3.934152E-01 0.000000E+00 0.000000E+00 1.000000E+00 0.000000E+00
1.529867E-01 0.000000E+00 0.000000E+00 0.000000E+00 1.000000E+00
C p
4.246533E+00 1.000000E+00 0.000000E+00 0.000000E+00 0.000000E+00
1.821529E+00 0.000000E+00 1.000000E+00 0.000000E+00 0.000000E+00
7.093805E-01 0.000000E+00 0.000000E+00 1.000000E+00 0.000000E+00
2.916433E-01 0.000000E+00 0.000000E+00 0.000000E+00 1.000000E+00
C d
1.210493E+01 1.000000E+00 0.000000E+00 0.000000E+00 0.000000E+00
2.132189E+00 0.000000E+00 1.000000E+00 0.000000E+00 0.000000E+00
8.173332E-01 0.000000E+00 0.000000E+00 1.000000E+00 0.000000E+00
3.135236E-01 0.000000E+00 0.000000E+00 0.000000E+00 1.000000E+00
C f
3.464527E+00 1.000000E+00 0.000000E+00 0.000000E+00
9.617578E-01 0.000000E+00 1.000000E+00 0.000000E+00
3.947363E-01 0.000000E+00 0.000000E+00 1.000000E+00
C g
2.833441E+00 1.000000E+00 0.000000E+00
7.872864E-01 0.000000E+00 1.000000E+00
C h
1.228091E+00 1.000000E+00
#BASIS SET:
N s
3.313922E+00 1.000000E+00 0.000000E+00 0.000000E+00 0.000000E+00
1.466122E+00 0.000000E+00 1.000000E+00 0.000000E+00 0.000000E+00
5.297937E-01 0.000000E+00 0.000000E+00 1.000000E+00 0.000000E+00
2.117240E-01 0.000000E+00 0.000000E+00 0.000000E+00 1.000000E+00
N p
5.990436E+00 1.000000E+00 0.000000E+00 0.000000E+00 0.000000E+00
2.505892E+00 0.000000E+00 1.000000E+00 0.000000E+00 0.000000E+00
1.002772E+00 0.000000E+00 0.000000E+00 1.000000E+00 0.000000E+00
4.035583E-01 0.000000E+00 0.000000E+00 0.000000E+00 1.000000E+00
N d
1.903721E+01 1.000000E+00 0.000000E+00 0.000000E+00 0.000000E+00
3.307766E+00 0.000000E+00 1.000000E+00 0.000000E+00 0.000000E+00
1.440195E+00 0.000000E+00 0.000000E+00 1.000000E+00 0.000000E+00
4.498041E-01 0.000000E+00 0.000000E+00 0.000000E+00 1.000000E+00
N f
6.017928E+00 1.000000E+00 0.000000E+00 0.000000E+00
1.472914E+00 0.000000E+00 1.000000E+00 0.000000E+00
5.958440E-01 0.000000E+00 0.000000E+00 1.000000E+00
N g
2.906213E+00 1.000000E+00 0.000000E+00
9.342282E-01 0.000000E+00 1.000000E+00
N h
1.647585E+00 1.000000E+00
#BASIS SET:
O s
4.170285E+00 1.000000E+00 0.000000E+00 0.000000E+00 0.000000E+00
1.816755E+00 0.000000E+00 1.000000E+00 0.000000E+00 0.000000E+00
6.910500E-01 0.000000E+00 0.000000E+00 1.000000E+00 0.000000E+00
2.789733E-01 0.000000E+00 0.000000E+00 0.000000E+00 1.000000E+00
O p
8.017135E+00 1.000000E+00 0.000000E+00 0.000000E+00 0.000000E+00
3.532265E+00 0.000000E+00 1.000000E+00 0.000000E+00 0.000000E+00
1.360627E+00 0.000000E+00 0.000000E+00 1.000000E+00 0.000000E+00
5.050090E-01 0.000000E+00 0.000000E+00 0.000000E+00 1.000000E+00
O d
3.776262E+01 1.000000E+00 0.000000E+00 0.000000E+00 0.000000E+00
4.796249E+00 0.000000E+00 1.000000E+00 0.000000E+00 0.000000E+00
1.568106E+00 0.000000E+00 0.000000E+00 1.000000E+00 0.000000E+00
5.712932E-01 0.000000E+00 0.000000E+00 0.000000E+00 1.000000E+00
O f
9.170239E+00 1.000000E+00 0.000000E+00 0.000000E+00
1.927197E+00 0.000000E+00 1.000000E+00 0.000000E+00
7.989380E-01 0.000000E+00 0.000000E+00 1.000000E+00
O g
3.404533E+00 1.000000E+00 0.000000E+00
1.065757E+00 0.000000E+00 1.000000E+00
O h
2.144006E+00 1.000000E+00
#BASIS SET:
F s
5.305694E+00 1.000000E+00 0.000000E+00 0.000000E+00 0.000000E+00
2.363743E+00 0.000000E+00 1.000000E+00 0.000000E+00 0.000000E+00
1.074233E+00 0.000000E+00 0.000000E+00 1.000000E+00 0.000000E+00
7.925782E-01 0.000000E+00 0.000000E+00 0.000000E+00 1.000000E+00
F p
1.201967E+01 1.000000E+00 0.000000E+00 0.000000E+00 0.000000E+00
4.328731E+00 0.000000E+00 1.000000E+00 0.000000E+00 0.000000E+00
1.662116E+00 0.000000E+00 0.000000E+00 1.000000E+00 0.000000E+00
6.261470E-01 0.000000E+00 0.000000E+00 0.000000E+00 1.000000E+00
F d
4.910892E+01 1.000000E+00 0.000000E+00 0.000000E+00 0.000000E+00
6.169800E+00 0.000000E+00 1.000000E+00 0.000000E+00 0.000000E+00
2.153095E+00 0.000000E+00 0.000000E+00 1.000000E+00 0.000000E+00
6.374732E-01 0.000000E+00 0.000000E+00 0.000000E+00 1.000000E+00
F f
1.216193E+01 1.000000E+00 0.000000E+00 0.000000E+00
2.630493E+00 0.000000E+00 1.000000E+00 0.000000E+00
9.778966E-01 0.000000E+00 0.000000E+00 1.000000E+00
F g
4.455450E+00 1.000000E+00 0.000000E+00
1.414524E+00 0.000000E+00 1.000000E+00
F h
2.807676E+00 1.000000E+00
#BASIS SET:
Ne s
7.361075E+00 1.000000E+00 0.000000E+00 0.000000E+00 0.000000E+00
2.705191E+00 0.000000E+00 1.000000E+00 0.000000E+00 0.000000E+00
1.186245E+00 0.000000E+00 0.000000E+00 1.000000E+00 0.000000E+00
4.304540E-01 0.000000E+00 0.000000E+00 0.000000E+00 1.000000E+00
Ne p
1.591880E+01 1.000000E+00 0.000000E+00 0.000000E+00 0.000000E+00
5.416910E+00 0.000000E+00 1.000000E+00 0.000000E+00 0.000000E+00
1.990530E+00 0.000000E+00 0.000000E+00 1.000000E+00 0.000000E+00
7.848812E-01 0.000000E+00 0.000000E+00 0.000000E+00 1.000000E+00
Ne d
6.003121E+01 1.000000E+00 0.000000E+00 0.000000E+00 0.000000E+00
7.963355E+00 0.000000E+00 1.000000E+00 0.000000E+00 0.000000E+00
2.687922E+00 0.000000E+00 0.000000E+00 1.000000E+00 0.000000E+00
8.258697E-01 0.000000E+00 0.000000E+00 0.000000E+00 1.000000E+00
Ne f
2.070092E+01 1.000000E+00 0.000000E+00 0.000000E+00
4.122073E+00 0.000000E+00 1.000000E+00 0.000000E+00
1.522492E+00 0.000000E+00 0.000000E+00 1.000000E+00
Ne g
1.075945E+01 1.000000E+00 0.000000E+00
2.165137E+00 0.000000E+00 1.000000E+00
Ne h
3.450493E+00 1.000000E+00
#BASIS SET:
Al s
1.583125E+00 1.000000E+00 0.000000E+00 0.000000E+00 0.000000E+00
3.647146E-01 0.000000E+00 1.000000E+00 0.000000E+00 0.000000E+00
1.640639E-01 0.000000E+00 0.000000E+00 1.000000E+00 0.000000E+00
7.317695E-02 0.000000E+00 0.000000E+00 0.000000E+00 1.000000E+00
Al p
3.743810E+00 1.000000E+00 0.000000E+00 0.000000E+00 0.000000E+00
1.097882E+00 0.000000E+00 1.000000E+00 0.000000E+00 0.000000E+00
3.877207E-01 0.000000E+00 0.000000E+00 1.000000E+00 0.000000E+00
1.462575E-01 0.000000E+00 0.000000E+00 0.000000E+00 1.000000E+00
Al d
7.821263E+00 1.000000E+00 0.000000E+00 0.000000E+00 0.000000E+00
2.214850E+00 0.000000E+00 1.000000E+00 0.000000E+00 0.000000E+00
9.161889E-01 0.000000E+00 0.000000E+00 1.000000E+00 0.000000E+00
4.006405E-01 0.000000E+00 0.000000E+00 0.000000E+00 1.000000E+00
Al f
1.832819E+00 1.000000E+00 0.000000E+00 0.000000E+00
4.317423E-01 0.000000E+00 1.000000E+00 0.000000E+00
1.860858E-01 0.000000E+00 0.000000E+00 1.000000E+00
Al g
5.636265E-01 1.000000E+00 0.000000E+00
2.514080E-01 0.000000E+00 1.000000E+00
Al h
4.259414E-01 1.000000E+00
#BASIS SET:
Si s
2.137276E+00 1.000000E+00 0.000000E+00 0.000000E+00 0.000000E+00
6.118554E-01 0.000000E+00 1.000000E+00 0.000000E+00 0.000000E+00
2.255757E-01 0.000000E+00 0.000000E+00 1.000000E+00 0.000000E+00
9.812409E-02 0.000000E+00 0.000000E+00 0.000000E+00 1.000000E+00
Si p
6.196909E+00 1.000000E+00 0.000000E+00 0.000000E+00 0.000000E+00
1.356198E+00 0.000000E+00 1.000000E+00 0.000000E+00 0.000000E+00
5.398481E-01 0.000000E+00 0.000000E+00 1.000000E+00 0.000000E+00
2.069779E-01 0.000000E+00 0.000000E+00 0.000000E+00 1.000000E+00
Si d
1.285908E+01 1.000000E+00 0.000000E+00 0.000000E+00 0.000000E+00
3.194334E+00 0.000000E+00 1.000000E+00 0.000000E+00 0.000000E+00
1.189593E+00 0.000000E+00 0.000000E+00 1.000000E+00 0.000000E+00
4.653410E-01 0.000000E+00 0.000000E+00 0.000000E+00 1.000000E+00
Si f
4.168784E+00 1.000000E+00 0.000000E+00 0.000000E+00
7.897384E-01 0.000000E+00 1.000000E+00 0.000000E+00
2.459475E-01 0.000000E+00 0.000000E+00 1.000000E+00
Si g
8.182670E-01 1.000000E+00 0.000000E+00
3.652665E-01 0.000000E+00 1.000000E+00
Si h
5.748236E-01 1.000000E+00
#BASIS SET:
P s
2.653479E+00 1.000000E+00 0.000000E+00 0.000000E+00 0.000000E+00
7.265989E-01 0.000000E+00 1.000000E+00 0.000000E+00 0.000000E+00
2.912103E-01 0.000000E+00 0.000000E+00 1.000000E+00 0.000000E+00
1.265670E-01 0.000000E+00 0.000000E+00 0.000000E+00 1.000000E+00
P p
7.964992E+00 1.000000E+00 0.000000E+00 0.000000E+00 0.000000E+00
1.539409E+00 0.000000E+00 1.000000E+00 0.000000E+00 0.000000E+00
6.456719E-01 0.000000E+00 0.000000E+00 1.000000E+00 0.000000E+00
2.648589E-01 0.000000E+00 0.000000E+00 0.000000E+00 1.000000E+00
P d
3.754880E+01 1.000000E+00 0.000000E+00 0.000000E+00 0.000000E+00
4.193614E+00 0.000000E+00 1.000000E+00 0.000000E+00 0.000000E+00
1.682226E+00 0.000000E+00 0.000000E+00 1.000000E+00 0.000000E+00
6.245789E-01 0.000000E+00 0.000000E+00 0.000000E+00 1.000000E+00
P f
8.473151E+00 1.000000E+00 0.000000E+00 0.000000E+00
9.963356E-01 0.000000E+00 1.000000E+00 0.000000E+00
3.054285E-01 0.000000E+00 0.000000E+00 1.000000E+00
P g
9.593252E-01 1.000000E+00 0.000000E+00
4.289663E-01 0.000000E+00 1.000000E+00
P h
7.461109E-01 1.000000E+00
#BASIS SET:
S s
3.075448E+00 1.000000E+00 0.000000E+00 0.000000E+00 0.000000E+00
8.160565E-01 0.000000E+00 1.000000E+00 0.000000E+00 0.000000E+00
3.626531E-01 0.000000E+00 0.000000E+00 1.000000E+00 0.000000E+00
1.551696E-01 0.000000E+00 0.000000E+00 0.000000E+00 1.000000E+00
S p
2.143750E+01 1.000000E+00 0.000000E+00 0.000000E+00 0.000000E+00
1.665020E+00 0.000000E+00 1.000000E+00 0.000000E+00 0.000000E+00
7.309133E-01 0.000000E+00 0.000000E+00 1.000000E+00 0.000000E+00
3.119594E-01 0.000000E+00 0.000000E+00 0.000000E+00 1.000000E+00
S d
4.687389E+01 1.000000E+00 0.000000E+00 0.000000E+00 0.000000E+00
7.257649E+00 0.000000E+00 1.000000E+00 0.000000E+00 0.000000E+00
2.055201E+00 0.000000E+00 0.000000E+00 1.000000E+00 0.000000E+00
7.638431E-01 0.000000E+00 0.000000E+00 0.000000E+00 1.000000E+00
S f
1.275894E+01 1.000000E+00 0.000000E+00 0.000000E+00
1.395006E+00 0.000000E+00 1.000000E+00 0.000000E+00
4.100401E-01 0.000000E+00 0.000000E+00 1.000000E+00
S g
1.158028E+00 1.000000E+00 0.000000E+00
5.190308E-01 0.000000E+00 1.000000E+00
S h
9.044163E-01 1.000000E+00
#BASIS SET:
Cl s
3.645706E+00 1.000000E+00 0.000000E+00 0.000000E+00 0.000000E+00
9.898038E-01 0.000000E+00 1.000000E+00 0.000000E+00 0.000000E+00
4.389443E-01 0.000000E+00 0.000000E+00 1.000000E+00 0.000000E+00
1.894226E-01 0.000000E+00 0.000000E+00 0.000000E+00 1.000000E+00
Cl p
2.080979E+01 1.000000E+00 0.000000E+00 0.000000E+00 0.000000E+00
1.921379E+00 0.000000E+00 1.000000E+00 0.000000E+00 0.000000E+00
8.494326E-01 0.000000E+00 0.000000E+00 1.000000E+00 0.000000E+00
3.546840E-01 0.000000E+00 0.000000E+00 0.000000E+00 1.000000E+00
Cl d
6.601742E+01 1.000000E+00 0.000000E+00 0.000000E+00 0.000000E+00
6.434211E+00 0.000000E+00 1.000000E+00 0.000000E+00 0.000000E+00
2.400063E+00 0.000000E+00 0.000000E+00 1.000000E+00 0.000000E+00
8.895514E-01 0.000000E+00 0.000000E+00 0.000000E+00 1.000000E+00
Cl f
1.395965E+01 1.000000E+00 0.000000E+00 0.000000E+00
1.621121E+00 0.000000E+00 1.000000E+00 0.000000E+00
4.755198E-01 0.000000E+00 0.000000E+00 1.000000E+00
Cl g
1.315168E+00 1.000000E+00 0.000000E+00
5.920034E-01 0.000000E+00 1.000000E+00
Cl h
1.082843E+00 1.000000E+00
#BASIS SET:
Ar s
4.244909E+00 1.000000E+00 0.000000E+00 0.000000E+00 0.000000E+00
1.164061E+00 0.000000E+00 1.000000E+00 0.000000E+00 0.000000E+00
5.202958E-01 0.000000E+00 0.000000E+00 1.000000E+00 0.000000E+00
2.234452E-01 0.000000E+00 0.000000E+00 0.000000E+00 1.000000E+00
Ar p
2.025105E+01 1.000000E+00 0.000000E+00 0.000000E+00 0.000000E+00
2.214255E+00 0.000000E+00 1.000000E+00 0.000000E+00 0.000000E+00
9.791798E-01 0.000000E+00 0.000000E+00 1.000000E+00 0.000000E+00
4.371155E-01 0.000000E+00 0.000000E+00 0.000000E+00 1.000000E+00
Ar d
8.802082E+01 1.000000E+00 0.000000E+00 0.000000E+00 0.000000E+00
8.038382E+00 0.000000E+00 1.000000E+00 0.000000E+00 0.000000E+00
3.156326E+00 0.000000E+00 0.000000E+00 1.000000E+00 0.000000E+00
1.070253E+00 0.000000E+00 0.000000E+00 0.000000E+00 1.000000E+00
Ar f
1.559534E+01 1.000000E+00 0.000000E+00 0.000000E+00
2.033594E+00 0.000000E+00 1.000000E+00 0.000000E+00
5.825756E-01 0.000000E+00 0.000000E+00 1.000000E+00
Ar g
1.984595E+00 1.000000E+00 0.000000E+00
7.534448E-01 0.000000E+00 1.000000E+00
Ar h
1.256538E+00 1.000000E+00
END
