#
#J.G. Hill, S. Mazumder, and K.A. Peterson, J. Chem. Phys. 132, 054108 (2010) Auxiliary RI (OptRI) matched to the cc-pCVnZ-F12 Quadruple- Basis Set for BThis should be used within the CABS framework with the above orbital set
#

#BASIS SET:
B s
6.040793E+01 1.000000E+00 0.000000E+00 0.000000E+00 0.000000E+00 0.000000E+00 0.000000E+00
7.214601E+00 0.000000E+00 1.000000E+00 0.000000E+00 0.000000E+00 0.000000E+00 0.000000E+00
1.762281E+00 0.000000E+00 0.000000E+00 1.000000E+00 0.000000E+00 0.000000E+00 0.000000E+00
7.420700E-01 0.000000E+00 0.000000E+00 0.000000E+00 1.000000E+00 0.000000E+00 0.000000E+00
2.667250E-01 0.000000E+00 0.000000E+00 0.000000E+00 0.000000E+00 1.000000E+00 0.000000E+00
1.103910E-01 0.000000E+00 0.000000E+00 0.000000E+00 0.000000E+00 0.000000E+00 1.000000E+00
B p
6.297830E+01 1.000000E+00 0.000000E+00 0.000000E+00 0.000000E+00 0.000000E+00 0.000000E+00
1.619540E+01 0.000000E+00 1.000000E+00 0.000000E+00 0.000000E+00 0.000000E+00 0.000000E+00
3.515506E+00 0.000000E+00 0.000000E+00 1.000000E+00 0.000000E+00 0.000000E+00 0.000000E+00
1.079923E+00 0.000000E+00 0.000000E+00 0.000000E+00 1.000000E+00 0.000000E+00 0.000000E+00
4.429900E-01 0.000000E+00 0.000000E+00 0.000000E+00 0.000000E+00 1.000000E+00 0.000000E+00
1.889990E-01 0.000000E+00 0.000000E+00 0.000000E+00 0.000000E+00 0.000000E+00 1.000000E+00
B d
7.490298E+00 1.000000E+00 0.000000E+00 0.000000E+00 0.000000E+00
1.561377E+00 0.000000E+00 1.000000E+00 0.000000E+00 0.000000E+00
6.389320E-01 0.000000E+00 0.000000E+00 1.000000E+00 0.000000E+00
2.331160E-01 0.000000E+00 0.000000E+00 0.000000E+00 1.000000E+00
B f
3.089809E+00 1.000000E+00 0.000000E+00 0.000000E+00
6.454110E-01 0.000000E+00 1.000000E+00 0.000000E+00
2.440680E-01 0.000000E+00 0.000000E+00 1.000000E+00
B g
1.406661E+00 1.000000E+00 0.000000E+00
4.977580E-01 0.000000E+00 1.000000E+00
B h
7.913280E-01 1.000000E+00
#BASIS SET:
C s
7.618643E+01 1.000000E+00 0.000000E+00 0.000000E+00 0.000000E+00 0.000000E+00 0.000000E+00
1.016517E+01 0.000000E+00 1.000000E+00 0.000000E+00 0.000000E+00 0.000000E+00 0.000000E+00
2.837637E+00 0.000000E+00 0.000000E+00 1.000000E+00 0.000000E+00 0.000000E+00 0.000000E+00
1.013644E+00 0.000000E+00 0.000000E+00 0.000000E+00 1.000000E+00 0.000000E+00 0.000000E+00
3.934150E-01 0.000000E+00 0.000000E+00 0.000000E+00 0.000000E+00 1.000000E+00 0.000000E+00
1.529870E-01 0.000000E+00 0.000000E+00 0.000000E+00 0.000000E+00 0.000000E+00 1.000000E+00
C p
9.321298E+01 1.000000E+00 0.000000E+00 0.000000E+00 0.000000E+00 0.000000E+00 0.000000E+00
2.434272E+01 0.000000E+00 1.000000E+00 0.000000E+00 0.000000E+00 0.000000E+00 0.000000E+00
5.089140E+00 0.000000E+00 0.000000E+00 1.000000E+00 0.000000E+00 0.000000E+00 0.000000E+00
1.821529E+00 0.000000E+00 0.000000E+00 0.000000E+00 1.000000E+00 0.000000E+00 0.000000E+00
7.093800E-01 0.000000E+00 0.000000E+00 0.000000E+00 0.000000E+00 1.000000E+00 0.000000E+00
2.916430E-01 0.000000E+00 0.000000E+00 0.000000E+00 0.000000E+00 0.000000E+00 1.000000E+00
C d
9.629229E+00 1.000000E+00 0.000000E+00 0.000000E+00 0.000000E+00
2.132189E+00 0.000000E+00 1.000000E+00 0.000000E+00 0.000000E+00
8.173330E-01 0.000000E+00 0.000000E+00 1.000000E+00 0.000000E+00
3.135240E-01 0.000000E+00 0.000000E+00 0.000000E+00 1.000000E+00
C f
4.185554E+00 1.000000E+00 0.000000E+00 0.000000E+00
9.617580E-01 0.000000E+00 1.000000E+00 0.000000E+00
3.947360E-01 0.000000E+00 0.000000E+00 1.000000E+00
C g
1.770313E+00 1.000000E+00 0.000000E+00
7.872860E-01 0.000000E+00 1.000000E+00
C h
1.228091E+00 1.000000E+00
#BASIS SET:
N s
3.177216E+01 1.000000E+00 0.000000E+00 0.000000E+00 0.000000E+00 0.000000E+00 0.000000E+00
1.305110E+01 0.000000E+00 1.000000E+00 0.000000E+00 0.000000E+00 0.000000E+00 0.000000E+00
3.872006E+00 0.000000E+00 0.000000E+00 1.000000E+00 0.000000E+00 0.000000E+00 0.000000E+00
1.466122E+00 0.000000E+00 0.000000E+00 0.000000E+00 1.000000E+00 0.000000E+00 0.000000E+00
5.297940E-01 0.000000E+00 0.000000E+00 0.000000E+00 0.000000E+00 1.000000E+00 0.000000E+00
2.117240E-01 0.000000E+00 0.000000E+00 0.000000E+00 0.000000E+00 0.000000E+00 1.000000E+00
N p
7.550715E+01 1.000000E+00 0.000000E+00 0.000000E+00 0.000000E+00 0.000000E+00 0.000000E+00
3.200340E+01 0.000000E+00 1.000000E+00 0.000000E+00 0.000000E+00 0.000000E+00 0.000000E+00
7.673156E+00 0.000000E+00 0.000000E+00 1.000000E+00 0.000000E+00 0.000000E+00 0.000000E+00
2.505892E+00 0.000000E+00 0.000000E+00 0.000000E+00 1.000000E+00 0.000000E+00 0.000000E+00
1.002772E+00 0.000000E+00 0.000000E+00 0.000000E+00 0.000000E+00 1.000000E+00 0.000000E+00
4.035580E-01 0.000000E+00 0.000000E+00 0.000000E+00 0.000000E+00 0.000000E+00 1.000000E+00
N d
1.305551E+01 1.000000E+00 0.000000E+00 0.000000E+00 0.000000E+00
3.307766E+00 0.000000E+00 1.000000E+00 0.000000E+00 0.000000E+00
1.440195E+00 0.000000E+00 0.000000E+00 1.000000E+00 0.000000E+00
4.498040E-01 0.000000E+00 0.000000E+00 0.000000E+00 1.000000E+00
N f
7.081413E+00 1.000000E+00 0.000000E+00 0.000000E+00
1.472914E+00 0.000000E+00 1.000000E+00 0.000000E+00
5.958440E-01 0.000000E+00 0.000000E+00 1.000000E+00
N g
2.367924E+00 1.000000E+00 0.000000E+00
9.342280E-01 0.000000E+00 1.000000E+00
N h
1.647585E+00 1.000000E+00
#BASIS SET:
O s
4.496042E+01 1.000000E+00 0.000000E+00 0.000000E+00 0.000000E+00 0.000000E+00 0.000000E+00
1.723989E+01 0.000000E+00 1.000000E+00 0.000000E+00 0.000000E+00 0.000000E+00 0.000000E+00
5.012805E+00 0.000000E+00 0.000000E+00 1.000000E+00 0.000000E+00 0.000000E+00 0.000000E+00
1.816755E+00 0.000000E+00 0.000000E+00 0.000000E+00 1.000000E+00 0.000000E+00 0.000000E+00
6.910500E-01 0.000000E+00 0.000000E+00 0.000000E+00 0.000000E+00 1.000000E+00 0.000000E+00
2.789730E-01 0.000000E+00 0.000000E+00 0.000000E+00 0.000000E+00 0.000000E+00 1.000000E+00
O p
6.400002E+01 1.000000E+00 0.000000E+00 0.000000E+00 0.000000E+00 0.000000E+00 0.000000E+00
3.502070E+01 0.000000E+00 1.000000E+00 0.000000E+00 0.000000E+00 0.000000E+00 0.000000E+00
7.941537E+00 0.000000E+00 0.000000E+00 1.000000E+00 0.000000E+00 0.000000E+00 0.000000E+00
3.532265E+00 0.000000E+00 0.000000E+00 0.000000E+00 1.000000E+00 0.000000E+00 0.000000E+00
1.360627E+00 0.000000E+00 0.000000E+00 0.000000E+00 0.000000E+00 1.000000E+00 0.000000E+00
5.050090E-01 0.000000E+00 0.000000E+00 0.000000E+00 0.000000E+00 0.000000E+00 1.000000E+00
O d
1.483189E+01 1.000000E+00 0.000000E+00 0.000000E+00 0.000000E+00
4.796249E+00 0.000000E+00 1.000000E+00 0.000000E+00 0.000000E+00
1.568106E+00 0.000000E+00 0.000000E+00 1.000000E+00 0.000000E+00
5.712930E-01 0.000000E+00 0.000000E+00 0.000000E+00 1.000000E+00
O f
1.069491E+01 1.000000E+00 0.000000E+00 0.000000E+00
1.927197E+00 0.000000E+00 1.000000E+00 0.000000E+00
7.989380E-01 0.000000E+00 0.000000E+00 1.000000E+00
O g
3.044896E+00 1.000000E+00 0.000000E+00
1.065757E+00 0.000000E+00 1.000000E+00
O h
2.144006E+00 1.000000E+00
#BASIS SET:
F s
6.162158E+01 1.000000E+00 0.000000E+00 0.000000E+00 0.000000E+00 0.000000E+00 0.000000E+00
2.256556E+01 0.000000E+00 1.000000E+00 0.000000E+00 0.000000E+00 0.000000E+00 0.000000E+00
5.302973E+00 0.000000E+00 0.000000E+00 1.000000E+00 0.000000E+00 0.000000E+00 0.000000E+00
2.363743E+00 0.000000E+00 0.000000E+00 0.000000E+00 1.000000E+00 0.000000E+00 0.000000E+00
1.074233E+00 0.000000E+00 0.000000E+00 0.000000E+00 0.000000E+00 1.000000E+00 0.000000E+00
7.925780E-01 0.000000E+00 0.000000E+00 0.000000E+00 0.000000E+00 0.000000E+00 1.000000E+00
F p
7.074482E+01 1.000000E+00 0.000000E+00 0.000000E+00 0.000000E+00 0.000000E+00 0.000000E+00
3.296207E+01 0.000000E+00 1.000000E+00 0.000000E+00 0.000000E+00 0.000000E+00 0.000000E+00
1.244550E+01 0.000000E+00 0.000000E+00 1.000000E+00 0.000000E+00 0.000000E+00 0.000000E+00
4.328731E+00 0.000000E+00 0.000000E+00 0.000000E+00 1.000000E+00 0.000000E+00 0.000000E+00
1.662116E+00 0.000000E+00 0.000000E+00 0.000000E+00 0.000000E+00 1.000000E+00 0.000000E+00
6.261470E-01 0.000000E+00 0.000000E+00 0.000000E+00 0.000000E+00 0.000000E+00 1.000000E+00
F d
1.390910E+01 1.000000E+00 0.000000E+00 0.000000E+00 0.000000E+00
6.169800E+00 0.000000E+00 1.000000E+00 0.000000E+00 0.000000E+00
2.153095E+00 0.000000E+00 0.000000E+00 1.000000E+00 0.000000E+00
6.374730E-01 0.000000E+00 0.000000E+00 0.000000E+00 1.000000E+00
F f
1.328200E+01 1.000000E+00 0.000000E+00 0.000000E+00
2.630493E+00 0.000000E+00 1.000000E+00 0.000000E+00
9.778970E-01 0.000000E+00 0.000000E+00 1.000000E+00
F g
3.922255E+00 1.000000E+00 0.000000E+00
1.414524E+00 0.000000E+00 1.000000E+00
F h
2.807676E+00 1.000000E+00
#BASIS SET:
Ne s
7.228771E+01 1.000000E+00 0.000000E+00 0.000000E+00 0.000000E+00 0.000000E+00 0.000000E+00
2.642487E+01 0.000000E+00 1.000000E+00 0.000000E+00 0.000000E+00 0.000000E+00 0.000000E+00
7.524640E+00 0.000000E+00 0.000000E+00 1.000000E+00 0.000000E+00 0.000000E+00 0.000000E+00
2.705191E+00 0.000000E+00 0.000000E+00 0.000000E+00 1.000000E+00 0.000000E+00 0.000000E+00
1.186245E+00 0.000000E+00 0.000000E+00 0.000000E+00 0.000000E+00 1.000000E+00 0.000000E+00
4.304540E-01 0.000000E+00 0.000000E+00 0.000000E+00 0.000000E+00 0.000000E+00 1.000000E+00
Ne p
8.265835E+01 1.000000E+00 0.000000E+00 0.000000E+00 0.000000E+00 0.000000E+00 0.000000E+00
3.481975E+01 0.000000E+00 1.000000E+00 0.000000E+00 0.000000E+00 0.000000E+00 0.000000E+00
1.234335E+01 0.000000E+00 0.000000E+00 1.000000E+00 0.000000E+00 0.000000E+00 0.000000E+00
5.416910E+00 0.000000E+00 0.000000E+00 0.000000E+00 1.000000E+00 0.000000E+00 0.000000E+00
1.990530E+00 0.000000E+00 0.000000E+00 0.000000E+00 0.000000E+00 1.000000E+00 0.000000E+00
7.848810E-01 0.000000E+00 0.000000E+00 0.000000E+00 0.000000E+00 0.000000E+00 1.000000E+00
Ne d
1.782470E+01 1.000000E+00 0.000000E+00 0.000000E+00 0.000000E+00
7.963355E+00 0.000000E+00 1.000000E+00 0.000000E+00 0.000000E+00
2.687922E+00 0.000000E+00 0.000000E+00 1.000000E+00 0.000000E+00
8.258700E-01 0.000000E+00 0.000000E+00 0.000000E+00 1.000000E+00
Ne f
2.039449E+01 1.000000E+00 0.000000E+00 0.000000E+00
4.122073E+00 0.000000E+00 1.000000E+00 0.000000E+00
1.522492E+00 0.000000E+00 0.000000E+00 1.000000E+00
Ne g
1.006206E+01 1.000000E+00 0.000000E+00
2.165137E+00 0.000000E+00 1.000000E+00
Ne h
3.450493E+00 1.000000E+00
#BASIS SET:
Al s
3.405090E+01 1.000000E+00 0.000000E+00 0.000000E+00 0.000000E+00 0.000000E+00 0.000000E+00 0.000000E+00
1.373836E+01 0.000000E+00 1.000000E+00 0.000000E+00 0.000000E+00 0.000000E+00 0.000000E+00 0.000000E+00
3.615130E+00 0.000000E+00 0.000000E+00 1.000000E+00 0.000000E+00 0.000000E+00 0.000000E+00 0.000000E+00
1.618521E+00 0.000000E+00 0.000000E+00 0.000000E+00 1.000000E+00 0.000000E+00 0.000000E+00 0.000000E+00
3.647150E-01 0.000000E+00 0.000000E+00 0.000000E+00 0.000000E+00 1.000000E+00 0.000000E+00 0.000000E+00
1.640640E-01 0.000000E+00 0.000000E+00 0.000000E+00 0.000000E+00 0.000000E+00 1.000000E+00 0.000000E+00
7.317700E-02 0.000000E+00 0.000000E+00 0.000000E+00 0.000000E+00 0.000000E+00 0.000000E+00 1.000000E+00
Al p
2.992235E+01 1.000000E+00 0.000000E+00 0.000000E+00 0.000000E+00 0.000000E+00 0.000000E+00 0.000000E+00
1.527156E+01 0.000000E+00 1.000000E+00 0.000000E+00 0.000000E+00 0.000000E+00 0.000000E+00 0.000000E+00
4.764349E+00 0.000000E+00 0.000000E+00 1.000000E+00 0.000000E+00 0.000000E+00 0.000000E+00 0.000000E+00
2.646689E+00 0.000000E+00 0.000000E+00 0.000000E+00 1.000000E+00 0.000000E+00 0.000000E+00 0.000000E+00
1.097882E+00 0.000000E+00 0.000000E+00 0.000000E+00 0.000000E+00 1.000000E+00 0.000000E+00 0.000000E+00
3.877210E-01 0.000000E+00 0.000000E+00 0.000000E+00 0.000000E+00 0.000000E+00 1.000000E+00 0.000000E+00
1.462580E-01 0.000000E+00 0.000000E+00 0.000000E+00 0.000000E+00 0.000000E+00 0.000000E+00 1.000000E+00
Al d
5.491116E+01 1.000000E+00 0.000000E+00 0.000000E+00 0.000000E+00 0.000000E+00 0.000000E+00
9.381430E+00 0.000000E+00 1.000000E+00 0.000000E+00 0.000000E+00 0.000000E+00 0.000000E+00
2.886982E+00 0.000000E+00 0.000000E+00 1.000000E+00 0.000000E+00 0.000000E+00 0.000000E+00
9.161890E-01 0.000000E+00 0.000000E+00 0.000000E+00 1.000000E+00 0.000000E+00 0.000000E+00
4.006400E-01 0.000000E+00 0.000000E+00 0.000000E+00 0.000000E+00 1.000000E+00 0.000000E+00
1.479920E-01 0.000000E+00 0.000000E+00 0.000000E+00 0.000000E+00 0.000000E+00 1.000000E+00
Al f
2.066328E+01 1.000000E+00 0.000000E+00 0.000000E+00 0.000000E+00 0.000000E+00
2.703166E+00 0.000000E+00 1.000000E+00 0.000000E+00 0.000000E+00 0.000000E+00
1.554588E+00 0.000000E+00 0.000000E+00 1.000000E+00 0.000000E+00 0.000000E+00
4.317420E-01 0.000000E+00 0.000000E+00 0.000000E+00 1.000000E+00 0.000000E+00
1.860860E-01 0.000000E+00 0.000000E+00 0.000000E+00 0.000000E+00 1.000000E+00
Al g
1.068391E+01 1.000000E+00 0.000000E+00 0.000000E+00 0.000000E+00
3.442309E+00 0.000000E+00 1.000000E+00 0.000000E+00 0.000000E+00
5.647650E-01 0.000000E+00 0.000000E+00 1.000000E+00 0.000000E+00
2.514080E-01 0.000000E+00 0.000000E+00 0.000000E+00 1.000000E+00
Al h
4.259410E-01 1.000000E+00
#BASIS SET:
Si s
4.623530E+01 1.000000E+00 0.000000E+00 0.000000E+00 0.000000E+00 0.000000E+00 0.000000E+00 0.000000E+00
2.133795E+01 0.000000E+00 1.000000E+00 0.000000E+00 0.000000E+00 0.000000E+00 0.000000E+00 0.000000E+00
4.588435E+00 0.000000E+00 0.000000E+00 1.000000E+00 0.000000E+00 0.000000E+00 0.000000E+00 0.000000E+00
1.443465E+00 0.000000E+00 0.000000E+00 0.000000E+00 1.000000E+00 0.000000E+00 0.000000E+00 0.000000E+00
6.118550E-01 0.000000E+00 0.000000E+00 0.000000E+00 0.000000E+00 1.000000E+00 0.000000E+00 0.000000E+00
2.255760E-01 0.000000E+00 0.000000E+00 0.000000E+00 0.000000E+00 0.000000E+00 1.000000E+00 0.000000E+00
9.812400E-02 0.000000E+00 0.000000E+00 0.000000E+00 0.000000E+00 0.000000E+00 0.000000E+00 1.000000E+00
Si p
4.101196E+01 1.000000E+00 0.000000E+00 0.000000E+00 0.000000E+00 0.000000E+00 0.000000E+00 0.000000E+00
1.923372E+01 0.000000E+00 1.000000E+00 0.000000E+00 0.000000E+00 0.000000E+00 0.000000E+00 0.000000E+00
7.472023E+00 0.000000E+00 0.000000E+00 1.000000E+00 0.000000E+00 0.000000E+00 0.000000E+00 0.000000E+00
3.781435E+00 0.000000E+00 0.000000E+00 0.000000E+00 1.000000E+00 0.000000E+00 0.000000E+00 0.000000E+00
1.356198E+00 0.000000E+00 0.000000E+00 0.000000E+00 0.000000E+00 1.000000E+00 0.000000E+00 0.000000E+00
5.398480E-01 0.000000E+00 0.000000E+00 0.000000E+00 0.000000E+00 0.000000E+00 1.000000E+00 0.000000E+00
2.069780E-01 0.000000E+00 0.000000E+00 0.000000E+00 0.000000E+00 0.000000E+00 0.000000E+00 1.000000E+00
Si d
6.824338E+01 1.000000E+00 0.000000E+00 0.000000E+00 0.000000E+00 0.000000E+00 0.000000E+00
1.273642E+01 0.000000E+00 1.000000E+00 0.000000E+00 0.000000E+00 0.000000E+00 0.000000E+00
3.788323E+00 0.000000E+00 0.000000E+00 1.000000E+00 0.000000E+00 0.000000E+00 0.000000E+00
1.189593E+00 0.000000E+00 0.000000E+00 0.000000E+00 1.000000E+00 0.000000E+00 0.000000E+00
4.653410E-01 0.000000E+00 0.000000E+00 0.000000E+00 0.000000E+00 1.000000E+00 0.000000E+00
1.850710E-01 0.000000E+00 0.000000E+00 0.000000E+00 0.000000E+00 0.000000E+00 1.000000E+00
Si f
2.476640E+01 1.000000E+00 0.000000E+00 0.000000E+00 0.000000E+00 0.000000E+00
3.197828E+00 0.000000E+00 1.000000E+00 0.000000E+00 0.000000E+00 0.000000E+00
1.767148E+00 0.000000E+00 0.000000E+00 1.000000E+00 0.000000E+00 0.000000E+00
7.897380E-01 0.000000E+00 0.000000E+00 0.000000E+00 1.000000E+00 0.000000E+00
2.459470E-01 0.000000E+00 0.000000E+00 0.000000E+00 0.000000E+00 1.000000E+00
Si g
9.553630E+00 1.000000E+00 0.000000E+00 0.000000E+00 0.000000E+00
2.579531E+00 0.000000E+00 1.000000E+00 0.000000E+00 0.000000E+00
8.194200E-01 0.000000E+00 0.000000E+00 1.000000E+00 0.000000E+00
3.652660E-01 0.000000E+00 0.000000E+00 0.000000E+00 1.000000E+00
Si h
5.748240E-01 1.000000E+00
#BASIS SET:
P s
6.604413E+01 1.000000E+00 0.000000E+00 0.000000E+00 0.000000E+00 0.000000E+00 0.000000E+00 0.000000E+00
2.570617E+01 0.000000E+00 1.000000E+00 0.000000E+00 0.000000E+00 0.000000E+00 0.000000E+00 0.000000E+00
5.670224E+00 0.000000E+00 0.000000E+00 1.000000E+00 0.000000E+00 0.000000E+00 0.000000E+00 0.000000E+00
3.493917E+00 0.000000E+00 0.000000E+00 0.000000E+00 1.000000E+00 0.000000E+00 0.000000E+00 0.000000E+00
7.265990E-01 0.000000E+00 0.000000E+00 0.000000E+00 0.000000E+00 1.000000E+00 0.000000E+00 0.000000E+00
2.912100E-01 0.000000E+00 0.000000E+00 0.000000E+00 0.000000E+00 0.000000E+00 1.000000E+00 0.000000E+00
1.265670E-01 0.000000E+00 0.000000E+00 0.000000E+00 0.000000E+00 0.000000E+00 0.000000E+00 1.000000E+00
P p
5.329181E+01 1.000000E+00 0.000000E+00 0.000000E+00 0.000000E+00 0.000000E+00 0.000000E+00 0.000000E+00
2.925105E+01 0.000000E+00 1.000000E+00 0.000000E+00 0.000000E+00 0.000000E+00 0.000000E+00 0.000000E+00
8.828076E+00 0.000000E+00 0.000000E+00 1.000000E+00 0.000000E+00 0.000000E+00 0.000000E+00 0.000000E+00
4.403973E+00 0.000000E+00 0.000000E+00 0.000000E+00 1.000000E+00 0.000000E+00 0.000000E+00 0.000000E+00
1.539409E+00 0.000000E+00 0.000000E+00 0.000000E+00 0.000000E+00 1.000000E+00 0.000000E+00 0.000000E+00
6.456720E-01 0.000000E+00 0.000000E+00 0.000000E+00 0.000000E+00 0.000000E+00 1.000000E+00 0.000000E+00
2.648590E-01 0.000000E+00 0.000000E+00 0.000000E+00 0.000000E+00 0.000000E+00 0.000000E+00 1.000000E+00
P d
8.531724E+01 1.000000E+00 0.000000E+00 0.000000E+00 0.000000E+00 0.000000E+00 0.000000E+00
1.889228E+01 0.000000E+00 1.000000E+00 0.000000E+00 0.000000E+00 0.000000E+00 0.000000E+00
5.090718E+00 0.000000E+00 0.000000E+00 1.000000E+00 0.000000E+00 0.000000E+00 0.000000E+00
1.682226E+00 0.000000E+00 0.000000E+00 0.000000E+00 1.000000E+00 0.000000E+00 0.000000E+00
6.245790E-01 0.000000E+00 0.000000E+00 0.000000E+00 0.000000E+00 1.000000E+00 0.000000E+00
2.778710E-01 0.000000E+00 0.000000E+00 0.000000E+00 0.000000E+00 0.000000E+00 1.000000E+00
P f
2.815616E+01 1.000000E+00 0.000000E+00 0.000000E+00 0.000000E+00 0.000000E+00
3.710079E+00 0.000000E+00 1.000000E+00 0.000000E+00 0.000000E+00 0.000000E+00
2.248747E+00 0.000000E+00 0.000000E+00 1.000000E+00 0.000000E+00 0.000000E+00
9.963360E-01 0.000000E+00 0.000000E+00 0.000000E+00 1.000000E+00 0.000000E+00
3.054280E-01 0.000000E+00 0.000000E+00 0.000000E+00 0.000000E+00 1.000000E+00
P g
1.021707E+01 1.000000E+00 0.000000E+00 0.000000E+00 0.000000E+00
2.152423E+00 0.000000E+00 1.000000E+00 0.000000E+00 0.000000E+00
9.637230E-01 0.000000E+00 0.000000E+00 1.000000E+00 0.000000E+00
4.289660E-01 0.000000E+00 0.000000E+00 0.000000E+00 1.000000E+00
P h
7.461110E-01 1.000000E+00
#BASIS SET:
S s
5.625841E+01 1.000000E+00 0.000000E+00 0.000000E+00 0.000000E+00 0.000000E+00 0.000000E+00 0.000000E+00
2.956030E+01 0.000000E+00 1.000000E+00 0.000000E+00 0.000000E+00 0.000000E+00 0.000000E+00 0.000000E+00
9.728570E+00 0.000000E+00 0.000000E+00 1.000000E+00 0.000000E+00 0.000000E+00 0.000000E+00 0.000000E+00
4.712746E+00 0.000000E+00 0.000000E+00 0.000000E+00 1.000000E+00 0.000000E+00 0.000000E+00 0.000000E+00
8.160570E-01 0.000000E+00 0.000000E+00 0.000000E+00 0.000000E+00 1.000000E+00 0.000000E+00 0.000000E+00
3.626530E-01 0.000000E+00 0.000000E+00 0.000000E+00 0.000000E+00 0.000000E+00 1.000000E+00 0.000000E+00
1.551700E-01 0.000000E+00 0.000000E+00 0.000000E+00 0.000000E+00 0.000000E+00 0.000000E+00 1.000000E+00
S p
6.443619E+01 1.000000E+00 0.000000E+00 0.000000E+00 0.000000E+00 0.000000E+00 0.000000E+00 0.000000E+00
2.792928E+01 0.000000E+00 1.000000E+00 0.000000E+00 0.000000E+00 0.000000E+00 0.000000E+00 0.000000E+00
1.037877E+01 0.000000E+00 0.000000E+00 1.000000E+00 0.000000E+00 0.000000E+00 0.000000E+00 0.000000E+00
5.168392E+00 0.000000E+00 0.000000E+00 0.000000E+00 1.000000E+00 0.000000E+00 0.000000E+00 0.000000E+00
1.665020E+00 0.000000E+00 0.000000E+00 0.000000E+00 0.000000E+00 1.000000E+00 0.000000E+00 0.000000E+00
7.309130E-01 0.000000E+00 0.000000E+00 0.000000E+00 0.000000E+00 0.000000E+00 1.000000E+00 0.000000E+00
3.119590E-01 0.000000E+00 0.000000E+00 0.000000E+00 0.000000E+00 0.000000E+00 0.000000E+00 1.000000E+00
S d
1.085780E+02 1.000000E+00 0.000000E+00 0.000000E+00 0.000000E+00 0.000000E+00 0.000000E+00
2.872103E+01 0.000000E+00 1.000000E+00 0.000000E+00 0.000000E+00 0.000000E+00 0.000000E+00
6.046240E+00 0.000000E+00 0.000000E+00 1.000000E+00 0.000000E+00 0.000000E+00 0.000000E+00
2.055201E+00 0.000000E+00 0.000000E+00 0.000000E+00 1.000000E+00 0.000000E+00 0.000000E+00
7.638430E-01 0.000000E+00 0.000000E+00 0.000000E+00 0.000000E+00 1.000000E+00 0.000000E+00
3.406210E-01 0.000000E+00 0.000000E+00 0.000000E+00 0.000000E+00 0.000000E+00 1.000000E+00
S f
3.695022E+01 1.000000E+00 0.000000E+00 0.000000E+00 0.000000E+00 0.000000E+00
6.779967E+00 0.000000E+00 1.000000E+00 0.000000E+00 0.000000E+00 0.000000E+00
2.518747E+00 0.000000E+00 0.000000E+00 1.000000E+00 0.000000E+00 0.000000E+00
1.395006E+00 0.000000E+00 0.000000E+00 0.000000E+00 1.000000E+00 0.000000E+00
4.100400E-01 0.000000E+00 0.000000E+00 0.000000E+00 0.000000E+00 1.000000E+00
S g
1.395232E+01 1.000000E+00 0.000000E+00 0.000000E+00 0.000000E+00
3.635433E+00 0.000000E+00 1.000000E+00 0.000000E+00 0.000000E+00
1.160282E+00 0.000000E+00 0.000000E+00 1.000000E+00 0.000000E+00
5.190310E-01 0.000000E+00 0.000000E+00 0.000000E+00 1.000000E+00
S h
9.044160E-01 1.000000E+00
#BASIS SET:
Cl s
9.213913E+01 1.000000E+00 0.000000E+00 0.000000E+00 0.000000E+00 0.000000E+00 0.000000E+00 0.000000E+00
3.317377E+01 0.000000E+00 1.000000E+00 0.000000E+00 0.000000E+00 0.000000E+00 0.000000E+00 0.000000E+00
6.913476E+00 0.000000E+00 0.000000E+00 1.000000E+00 0.000000E+00 0.000000E+00 0.000000E+00 0.000000E+00
4.417637E+00 0.000000E+00 0.000000E+00 0.000000E+00 1.000000E+00 0.000000E+00 0.000000E+00 0.000000E+00
9.898040E-01 0.000000E+00 0.000000E+00 0.000000E+00 0.000000E+00 1.000000E+00 0.000000E+00 0.000000E+00
4.389440E-01 0.000000E+00 0.000000E+00 0.000000E+00 0.000000E+00 0.000000E+00 1.000000E+00 0.000000E+00
1.894230E-01 0.000000E+00 0.000000E+00 0.000000E+00 0.000000E+00 0.000000E+00 0.000000E+00 1.000000E+00
Cl p
1.041429E+02 1.000000E+00 0.000000E+00 0.000000E+00 0.000000E+00 0.000000E+00 0.000000E+00 0.000000E+00
3.776573E+01 0.000000E+00 1.000000E+00 0.000000E+00 0.000000E+00 0.000000E+00 0.000000E+00 0.000000E+00
1.279826E+01 0.000000E+00 0.000000E+00 1.000000E+00 0.000000E+00 0.000000E+00 0.000000E+00 0.000000E+00
5.596485E+00 0.000000E+00 0.000000E+00 0.000000E+00 1.000000E+00 0.000000E+00 0.000000E+00 0.000000E+00
1.921379E+00 0.000000E+00 0.000000E+00 0.000000E+00 0.000000E+00 1.000000E+00 0.000000E+00 0.000000E+00
8.494330E-01 0.000000E+00 0.000000E+00 0.000000E+00 0.000000E+00 0.000000E+00 1.000000E+00 0.000000E+00
3.546840E-01 0.000000E+00 0.000000E+00 0.000000E+00 0.000000E+00 0.000000E+00 0.000000E+00 1.000000E+00
Cl d
1.803775E+02 1.000000E+00 0.000000E+00 0.000000E+00 0.000000E+00 0.000000E+00 0.000000E+00
3.183617E+01 0.000000E+00 1.000000E+00 0.000000E+00 0.000000E+00 0.000000E+00 0.000000E+00
7.236130E+00 0.000000E+00 0.000000E+00 1.000000E+00 0.000000E+00 0.000000E+00 0.000000E+00
2.400063E+00 0.000000E+00 0.000000E+00 0.000000E+00 1.000000E+00 0.000000E+00 0.000000E+00
8.895510E-01 0.000000E+00 0.000000E+00 0.000000E+00 0.000000E+00 1.000000E+00 0.000000E+00
3.975250E-01 0.000000E+00 0.000000E+00 0.000000E+00 0.000000E+00 0.000000E+00 1.000000E+00
Cl f
4.312226E+01 1.000000E+00 0.000000E+00 0.000000E+00 0.000000E+00 0.000000E+00
8.029330E+00 0.000000E+00 1.000000E+00 0.000000E+00 0.000000E+00 0.000000E+00
3.084490E+00 0.000000E+00 0.000000E+00 1.000000E+00 0.000000E+00 0.000000E+00
1.621121E+00 0.000000E+00 0.000000E+00 0.000000E+00 1.000000E+00 0.000000E+00
4.755200E-01 0.000000E+00 0.000000E+00 0.000000E+00 0.000000E+00 1.000000E+00
Cl g
1.657074E+01 1.000000E+00 0.000000E+00 0.000000E+00 0.000000E+00
4.217066E+00 0.000000E+00 1.000000E+00 0.000000E+00 0.000000E+00
1.324873E+00 0.000000E+00 0.000000E+00 1.000000E+00 0.000000E+00
5.920030E-01 0.000000E+00 0.000000E+00 0.000000E+00 1.000000E+00
Cl h
1.082843E+00 1.000000E+00
#BASIS SET:
Ar s
9.950459E+01 1.000000E+00 0.000000E+00 0.000000E+00 0.000000E+00 0.000000E+00 0.000000E+00 0.000000E+00
3.763148E+01 0.000000E+00 1.000000E+00 0.000000E+00 0.000000E+00 0.000000E+00 0.000000E+00 0.000000E+00
7.748205E+00 0.000000E+00 0.000000E+00 1.000000E+00 0.000000E+00 0.000000E+00 0.000000E+00 0.000000E+00
3.768442E+00 0.000000E+00 0.000000E+00 0.000000E+00 1.000000E+00 0.000000E+00 0.000000E+00 0.000000E+00
1.164061E+00 0.000000E+00 0.000000E+00 0.000000E+00 0.000000E+00 1.000000E+00 0.000000E+00 0.000000E+00
5.202960E-01 0.000000E+00 0.000000E+00 0.000000E+00 0.000000E+00 0.000000E+00 1.000000E+00 0.000000E+00
2.234450E-01 0.000000E+00 0.000000E+00 0.000000E+00 0.000000E+00 0.000000E+00 0.000000E+00 1.000000E+00
Ar p
1.016226E+02 1.000000E+00 0.000000E+00 0.000000E+00 0.000000E+00 0.000000E+00 0.000000E+00 0.000000E+00
3.998049E+01 0.000000E+00 1.000000E+00 0.000000E+00 0.000000E+00 0.000000E+00 0.000000E+00 0.000000E+00
1.429651E+01 0.000000E+00 0.000000E+00 1.000000E+00 0.000000E+00 0.000000E+00 0.000000E+00 0.000000E+00
4.982595E+00 0.000000E+00 0.000000E+00 0.000000E+00 1.000000E+00 0.000000E+00 0.000000E+00 0.000000E+00
2.214255E+00 0.000000E+00 0.000000E+00 0.000000E+00 0.000000E+00 1.000000E+00 0.000000E+00 0.000000E+00
9.791800E-01 0.000000E+00 0.000000E+00 0.000000E+00 0.000000E+00 0.000000E+00 1.000000E+00 0.000000E+00
4.371150E-01 0.000000E+00 0.000000E+00 0.000000E+00 0.000000E+00 0.000000E+00 0.000000E+00 1.000000E+00
Ar d
2.261613E+02 1.000000E+00 0.000000E+00 0.000000E+00 0.000000E+00 0.000000E+00 0.000000E+00
4.107814E+01 0.000000E+00 1.000000E+00 0.000000E+00 0.000000E+00 0.000000E+00 0.000000E+00
8.900369E+00 0.000000E+00 0.000000E+00 1.000000E+00 0.000000E+00 0.000000E+00 0.000000E+00
3.156326E+00 0.000000E+00 0.000000E+00 0.000000E+00 1.000000E+00 0.000000E+00 0.000000E+00
1.070253E+00 0.000000E+00 0.000000E+00 0.000000E+00 0.000000E+00 1.000000E+00 0.000000E+00
4.820300E-01 0.000000E+00 0.000000E+00 0.000000E+00 0.000000E+00 0.000000E+00 1.000000E+00
Ar f
5.446595E+01 1.000000E+00 0.000000E+00 0.000000E+00 0.000000E+00 0.000000E+00
1.163370E+01 0.000000E+00 1.000000E+00 0.000000E+00 0.000000E+00 0.000000E+00
3.811124E+00 0.000000E+00 0.000000E+00 1.000000E+00 0.000000E+00 0.000000E+00
2.033594E+00 0.000000E+00 0.000000E+00 0.000000E+00 1.000000E+00 0.000000E+00
5.825760E-01 0.000000E+00 0.000000E+00 0.000000E+00 0.000000E+00 1.000000E+00
Ar g
1.896232E+01 1.000000E+00 0.000000E+00 0.000000E+00 0.000000E+00
5.320986E+00 0.000000E+00 1.000000E+00 0.000000E+00 0.000000E+00
1.988610E+00 0.000000E+00 0.000000E+00 1.000000E+00 0.000000E+00
7.534450E-01 0.000000E+00 0.000000E+00 0.000000E+00 1.000000E+00
Ar h
1.256538E+00 1.000000E+00
END
