# https://pseudopotentiallibrary.org/
BASIS "ao basis" PRINT
#BASIS SET
Al S
78.990577 -0.00048100
39.484884 0.01309500
19.737241 -0.14615300
9.866021 -0.04520600
4.931711 0.19070800
2.465206 0.45320700
1.232278 0.39882400
0.615977 0.10364800
0.307907 0.00224700
0.153913 0.00079000
0.076936 -0.00014000
0.038458 0.00006400
Al S
78.990577 0.00002400
39.484884 -0.00262700
19.737241 0.03694800
9.866021 0.01070500
4.931711 -0.05334200
2.465206 -0.14418800
1.232278 -0.21396900
0.615977 -0.12558500
0.307907 0.19397000
0.153913 0.48467400
0.076936 0.41941400
0.038458 0.11043000
Al S
0.608105 1.00000000
Al S
0.266890 1.00000000
Al S
0.117135 1.00000000
Al S
0.051409 1.00000000
Al P
33.993368 0.01190800
17.617051 0.09748500
9.130030 0.18047400
4.731635 0.26552200
2.452168 0.30797700
1.270835 0.23506100
0.658610 0.08963100
0.341324 0.01108300
0.176891 0.00157700
0.091674 0.00000700
0.047510 0.00021500
0.024622 -0.00002200
Al P
33.993368 -0.00218300
17.617051 -0.01736200
9.130030 -0.03229200
4.731635 -0.04981000
2.452168 -0.05992600
1.270835 -0.05255300
0.658610 0.00198900
0.341324 0.13005200
0.176891 0.28008900
0.091674 0.37433900
0.047510 0.27285700
0.024622 0.08514500
Al P
1.196547 1.00000000
Al P
0.542654 1.00000000
Al P
0.246103 1.00000000
Al P
0.111612 1.00000000
Al D
1.207208 1.00000000
Al D
0.490499 1.00000000
Al D
0.199294 1.00000000
Al D
0.080975 1.00000000
Al F
0.495155 1.00000000
Al F
0.244782 1.00000000
Al F
0.121009 1.00000000
Al G
0.518568 1.00000000
Al G
0.239898 1.00000000
Al H
0.441969 1.00000000
#BASIS SET
Ar S
400.805381 0.00009200
194.251428 -0.00125400
94.144487 0.02887900
45.627384 -0.17710600
22.113437 -0.07716500
10.717338 0.21018700
5.194187 0.55436900
2.517377 0.35907000
1.220054 0.04076900
0.591302 0.00508700
0.286576 -0.00064400
0.138890 0.00053300
Ar S
400.805381 0.00001900
194.251428 0.00011400
94.144487 -0.00869300
45.627384 0.06117500
22.113437 0.02679200
10.717338 -0.07778000
5.194187 -0.29074700
2.517377 -0.32003600
1.220054 0.12393300
0.591302 0.53916300
0.286576 0.45626000
0.138890 0.13189200
Ar S
2.177793 1.00000000
Ar S
0.961128 1.00000000
Ar S
0.424176 1.00000000
Ar S
0.187202 1.00000000
Ar P
71.845693 0.01423900
38.318786 0.10317800
20.437263 0.18518400
10.900182 0.27635700
5.813595 0.31813000
3.100671 0.21149400
1.653738 0.06192600
0.882019 0.00582100
0.470423 0.00083800
0.250899 -0.00004700
0.133817 0.00007700
0.071371 -0.00001800
Ar P
71.845693 0.00414500
38.318786 0.02880000
20.437263 0.05191600
10.900182 0.08435600
5.813595 0.10330300
3.100671 0.05976300
1.653738 -0.09852400
0.882019 -0.27287100
0.470423 -0.34211200
0.250899 -0.28931700
0.133817 -0.14332900
0.071371 -0.03249500
Ar P
1.813964 1.00000000
Ar P
0.720627 1.00000000
Ar P
0.286281 1.00000000
Ar P
0.113730 1.00000000
Ar D
4.461278 1.00000000
Ar D
1.806317 1.00000000
Ar D
0.731356 1.00000000
Ar D
0.296117 1.00000000
Ar F
1.631455 1.00000000
Ar F
0.816712 1.00000000
Ar F
0.408849 1.00000000
Ar G
1.531056 1.00000000
Ar G
0.655852 1.00000000
Ar H
1.257281 1.00000000
#BASIS SET
Cl S
352.930099 0.00004300
170.036562 -0.00070500
81.921130 0.02320900
39.468403 -0.16508500
19.015299 -0.07748000
9.161293 0.22554400
4.413777 0.55280100
2.126493 0.34903400
1.024513 0.03580300
0.493596 0.00503900
0.237807 -0.00097200
0.114572 0.00056000
Cl S
352.930099 0.00002300
170.036562 -0.00000300
81.921130 -0.00674800
39.468403 0.05565800
19.015299 0.02530900
9.161293 -0.08184000
4.413777 -0.27845300
2.126493 -0.30879400
1.024513 0.12058100
0.493596 0.53571000
0.237807 0.45994000
0.114572 0.12829700
Cl S
1.806198 1.00000000
Cl S
0.795302 1.00000000
Cl S
0.350186 1.00000000
Cl S
0.154193 1.00000000
Cl P
68.625610 0.01202900
36.209284 0.09154900
19.105291 0.17381300
10.080623 0.26931700
5.318891 0.32161200
2.806434 0.23090800
1.480773 0.07383400
0.781308 0.00805700
0.412246 0.00134600
0.217515 0.00047500
0.114769 0.00028000
0.060556 0.00004200
Cl P
68.625610 0.00335700
36.209284 0.02463200
19.105291 0.04722600
10.080623 0.07816200
5.318891 0.09893200
2.806434 0.06953700
1.480773 -0.07160700
0.781308 -0.25448800
0.412246 -0.34548500
0.217515 -0.30802000
0.114769 -0.15890900
0.060556 -0.03618100
Cl P
1.492303 1.00000000
Cl P
0.593602 1.00000000
Cl P
0.236120 1.00000000
Cl P
0.093923 1.00000000
Cl D
3.675177 1.00000000
Cl D
1.485730 1.00000000
Cl D
0.600622 1.00000000
Cl D
0.242808 1.00000000
Cl F
1.326315 1.00000000
Cl F
0.646284 1.00000000
Cl F
0.314920 1.00000000
Cl G
1.271583 1.00000000
Cl G
0.546359 1.00000000
Cl H
1.046829 1.00000000
#BASIS SET
Mg S
63.931893 -0.00079400
31.602596 0.00747900
15.621687 -0.13624600
7.722059 -0.03203300
3.817142 0.21682300
1.886877 0.45136400
0.932714 0.37759900
0.461056 0.09431900
0.227908 0.00170300
0.112659 0.00048500
0.055689 -0.00015100
0.027528 0.00003100
Mg S
63.931893 0.00010600
31.602596 -0.00108600
15.621687 0.02867600
7.722059 0.00578100
3.817142 -0.05065300
1.886877 -0.11687700
0.932714 -0.16512100
0.461056 -0.11801600
0.227908 0.10836500
0.112659 0.41475500
0.055689 0.47763300
0.027528 0.17347600
Mg S
0.389199 1.00000000
Mg S
0.168798 1.00000000
Mg S
0.073209 1.00000000
Mg S
0.031751 1.00000000
Mg P
28.231094 0.01131700
14.891993 0.08703900
7.855575 0.16268300
4.143841 0.24138600
2.185889 0.29006400
1.153064 0.25299100
0.608245 0.13309700
0.320851 0.02894100
0.169250 0.00320900
0.089280 0.00026800
0.047095 0.00025700
0.024843 -0.00003700
Mg P
28.231094 -0.00182200
14.891993 -0.01360300
7.855575 -0.02570000
4.143841 -0.03907600
2.185889 -0.04877900
1.153064 -0.04599000
0.608245 -0.03165800
0.320851 0.04917800
0.169250 0.18690900
0.089280 0.37939600
0.047095 0.33543100
0.024843 0.18405800
Mg P
0.910185 1.00000000
Mg P
0.404109 1.00000000
Mg P
0.179418 1.00000000
Mg P
0.079659 1.00000000
Mg D
0.455794 1.00000000
Mg D
0.266469 1.00000000
Mg D
0.155785 1.00000000
Mg D
0.091076 1.00000000
Mg F
0.481014 1.00000000
Mg F
0.270337 1.00000000
Mg F
0.151933 1.00000000
Mg G
0.457878 1.00000000
Mg G
0.221686 1.00000000
Mg H
0.365865 1.00000000
#BASIS SET
Na S
50.364926 -0.00144900
24.480199 -0.00059000
11.898760 -0.11881800
5.783470 -0.01085600
2.811093 0.25078300
1.366350 0.44727600
0.664123 0.34725400
0.322801 0.08065200
0.156900 0.00120800
0.076262 0.00040900
0.037068 0.00011200
0.018017 0.00007200
Na S
50.364926 0.00021200
24.480199 0.00037900
11.898760 0.01958200
5.783470 0.00062300
2.811093 -0.04578100
1.366350 -0.08872800
0.664123 -0.11295200
0.322801 -0.10839600
0.156900 0.00990100
0.076262 0.35541800
0.037068 0.56145100
0.018017 0.19899800
Na S
1.552511 1.00000000
Na S
0.555267 1.00000000
Na S
0.198595 1.00000000
Na S
0.071029 1.00000000
Na P
77.769943 0.00005400
42.060816 -0.00001600
22.748020 0.01257100
12.302957 0.07960100
6.653887 0.14044200
3.598664 0.21214100
1.946289 0.26179900
1.052624 0.25582000
0.569297 0.18035900
0.307897 0.07216500
0.166522 0.01066300
0.090061 0.00153800
Na P
77.769943 -0.00065600
42.060816 0.00313700
22.748020 -0.01100400
12.302957 0.00937600
6.653887 -0.06647900
3.598664 0.05895900
1.946289 -0.22105000
1.052624 0.30349100
0.569297 -0.67170500
0.307897 1.06436000
0.166522 -1.53048900
0.090061 1.84316700
Na P
0.527875 1.00000000
Na P
0.214862 1.00000000
Na P
0.087455 1.00000000
Na P
0.035597 1.00000000
Na D
1.195177 1.00000000
Na D
0.443453 1.00000000
Na D
0.164537 1.00000000
Na D
0.061049 1.00000000
Na F
0.292980 1.00000000
Na F
0.161813 1.00000000
Na F
0.089369 1.00000000
Na G
0.237124 1.00000000
Na G
0.125449 1.00000000
Na H
0.249975 1.00000000
#BASIS SET
P S
269.443884 0.00005500
127.601401 -0.00062400
60.428603 0.01940000
28.617367 -0.16550900
13.552418 -0.05426500
6.418062 0.25444000
3.039422 0.54966100
1.439389 0.32228500
0.681656 0.02663200
0.322814 0.00420300
0.152876 -0.00123300
0.072398 0.00049700
P S
269.443884 0.00001800
127.601401 -0.00002600
60.428603 -0.00493300
28.617367 0.05012000
13.552418 0.01580100
6.418062 -0.08446300
3.039422 -0.24674200
1.439389 -0.27632600
0.681656 0.10027400
0.322814 0.51720100
0.152876 0.47975800
0.072398 0.12409900
P S
1.132149 1.00000000
P S
0.495638 1.00000000
P S
0.216983 1.00000000
P S
0.094992 1.00000000
P P
48.154282 0.01288400
25.406431 0.09709500
13.404555 0.17821500
7.072308 0.26596400
3.731384 0.31293300
1.968696 0.23068600
1.038693 0.08048900
0.548020 0.00908500
0.289138 0.00124800
0.152550 -0.00006600
0.080486 0.00012900
0.042465 -0.00002900
P P
48.154282 -0.00315200
25.406431 -0.02300600
13.404555 -0.04239800
7.072308 -0.06747700
3.731384 -0.08295200
1.968696 -0.06602600
1.038693 0.03446800
0.548020 0.20901800
0.289138 0.34717900
0.152550 0.34480600
0.080486 0.18173100
0.042465 0.03664900
P P
2.103768 1.00000000
P P
0.988246 1.00000000
P P
0.464229 1.00000000
P P
0.218072 1.00000000
P D
2.461614 1.00000000
P D
0.989463 1.00000000
P D
0.397722 1.00000000
P D
0.159867 1.00000000
P F
0.861267 1.00000000
P F
0.429816 1.00000000
P F
0.214500 1.00000000
P G
0.871895 1.00000000
P G
0.398679 1.00000000
P H
0.737477 1.00000000
#BASIS SET
S S
306.317903 0.00006400
146.602801 -0.00078500
70.163647 0.02247100
33.580104 -0.16987100
16.071334 -0.06189700
7.691691 0.24003900
3.681219 0.55164900
1.761820 0.33438600
0.843202 0.03132300
0.403554 0.00443600
0.193140 -0.00101500
0.092436 0.00050700
S S
306.317903 0.00002100
146.602801 -0.00000400
70.163647 -0.00611900
33.580104 0.05447100
16.071334 0.01934400
7.691691 -0.08383900
3.681219 -0.26532200
1.761820 -0.29306500
0.843202 0.11373000
0.403554 0.52928200
0.193140 0.46625400
0.092436 0.12580000
S S
1.476765 1.00000000
S S
0.646261 1.00000000
S S
0.282816 1.00000000
S S
0.123766 1.00000000
S P
55.148271 0.01344700
29.056588 0.10167000
15.309371 0.18519200
8.066220 0.27583600
4.249940 0.31707300
2.239213 0.21706600
1.179799 0.06576500
0.621614 0.00651700
0.327517 0.00111100
0.172562 0.00022200
0.090920 0.00018100
0.047904 0.00000800
S P
55.148271 0.00354200
29.056588 0.02579700
15.309371 0.04726000
8.066220 0.07559400
4.249940 0.09198000
2.239213 0.06206700
1.179799 -0.07125300
0.621614 -0.25020600
0.327517 -0.34929500
0.172562 -0.31270000
0.090920 -0.15589800
0.047904 -0.03041800
S P
2.497887 1.00000000
S P
1.144777 1.00000000
S P
0.524650 1.00000000
S P
0.240446 1.00000000
S D
2.921482 1.00000000
S D
1.185135 1.00000000
S D
0.480764 1.00000000
S D
0.195028 1.00000000
S F
1.064106 1.00000000
S F
0.512446 1.00000000
S F
0.246781 1.00000000
S G
1.040933 1.00000000
S G
0.450973 1.00000000
S H
0.865966 1.00000000
#BASIS SET
Si S
96.651837 -0.00044000
48.652547 0.01867100
24.490692 -0.15435300
12.328111 -0.05773800
6.205717 0.16808700
3.123831 0.45342800
1.572472 0.41767500
0.791550 0.11190100
0.398450 0.00333700
0.200572 0.00099500
0.100964 -0.00003800
0.050823 0.00006900
Si S
96.651837 -0.00000400
48.652547 -0.00442100
24.490692 0.04336200
12.328111 0.01585300
6.205717 -0.05170600
3.123831 -0.16289500
1.572472 -0.25021800
0.791550 -0.12421600
0.398450 0.24632500
0.200572 0.50589900
0.100964 0.38631400
0.050823 0.08770100
Si S
0.873801 1.00000000
Si S
0.382352 1.00000000
Si S
0.167307 1.00000000
Si S
0.073209 1.00000000
Si P
40.315996 0.01293800
21.171265 0.09812900
11.117733 0.17932400
5.838290 0.26388600
3.065879 0.30927200
1.609995 0.23274800
0.845462 0.08590000
0.443980 0.01026000
0.233149 0.00156000
0.122434 -0.00000300
0.064294 0.00023200
0.033763 -0.00002300
Si P
40.315996 0.00283300
21.171265 0.02086900
11.117733 0.03823600
5.838290 0.05967900
3.065879 0.07277600
1.609995 0.06112900
0.845462 -0.01677600
0.443980 -0.17225900
0.233149 -0.32119600
0.122434 -0.36282800
0.064294 -0.22078900
0.033763 -0.05515200
Si P
1.610395 1.00000000
Si P
0.749116 1.00000000
Si P
0.348471 1.00000000
Si P
0.162100 1.00000000
Si D
1.813924 1.00000000
Si D
0.729531 1.00000000
Si D
0.293406 1.00000000
Si D
0.118003 1.00000000
Si F
0.660365 1.00000000
Si F
0.327757 1.00000000
Si F
0.162675 1.00000000
Si G
0.676014 1.00000000
Si G
0.309233 1.00000000
Si H
0.575998 1.00000000
END
