ECP
# Scandium atom
# Sc, 18 el. core, 3 valence el., spin-orbit
# M.M. Hurley and W.C. Ermler, JCP 84, 6840 (1986)
Sc nelec 18
Sc ul
2	.298400	-.276319
2	.973600	-2.715285
2	3.002300	-10.296417
2	12.396700	-36.817741
1	47.468800	-13.807665
Sc S
2	.184900	.030747
2	1.010200	98.841829
2	1.172200	-176.844282
2	1.406200	99.042517
1	4.105600	8.554347
0	5.191300	3.603574
Sc P
2	.744000	52.921837	-.165886
2	.935200	-114.069565	.827730
2	1.258700	111.667653	-2.508464
2	1.638800	-52.406766	1.987100
1	2.004000	5.548338	-.460148
0	1.070500	5.542309	.034302
# Titanium atom
# Ti, 18 el. core, 4 valence el., spin-orbit
# M.M. Hurley and W.C. Ermler, JCP 84, 6840 (1986)
Ti nelec 18
Ti ul
2	.337900	-.300060
2	1.114400	-2.861760
2	3.428200	-10.930517
2	13.609700	-36.186640
1	45.699400	-12.745089
Ti S
2	.214800	.034806
2	.993400	21.712488
2	1.177800	-39.980286
2	1.814800	1.935831
1	.932100	24.444116
0	10.550800	3.186232
Ti P
2	.763200	21.598297	.650270
2	1.067500	-72.594682	-1.737640
2	1.409400	79.001055	1.604372
2	1.817300	-38.155255	-.409640
1	.795600	7.751765	-.224882
0	.583500	5.455998	.007474
# Vanadium atom
# V, 18 el. core, 5 valence el., spin-orbit
# M.M. Hurley and W.C. Ermler, JCP 84, 6840 (1986)
V nelec 18
V ul
2	.377300	-.316358
2	1.235200	-2.866274
2	3.706400	-10.883734
2	13.445000	-30.683535
1	37.798800	-11.546134
V S
2	.241200	.046276
2	1.313700	116.585625
2	1.551000	-206.265710
2	1.895600	116.925031
1	7.148000	17.728772
0	20.988400	2.970518
V P
2	.205800	.023834	.001068
2	.944400	85.664988	3.228808
2	1.102900	-168.829453	-6.576396
2	1.313800	101.257101	3.452854
1	3.758400	6.586527	-.126410
0	3.913800	5.590046	.017926
# Chromium atom
# Cr, 18 el. core, 6 valence el., spin-orbit
# M.M. Hurley and W.C. Ermler, JCP 84, 6840 (1986)
Cr nelec 18
Cr ul
2	.337400	-.189848
2	1.104400	-2.217074
2	3.444400	-10.171613
2	13.095000	-31.332519
1	41.701000	-12.178556
Cr S
2	.604000	20.500301
2	.709300	-65.953875
2	.904200	115.603408
2	1.091800	-68.626681
1	1.739500	13.323779
0	8.372200	3.152809
Cr P
2	.175600	.019634	-.000244
2	1.020600	96.546965	3.904714
2	1.193400	-186.337208	-7.795448
2	1.443600	109.437382	3.882670
1	4.163700	7.510340	-.246812
0	4.569000	5.510864	.022834
# Manganese atom
# Mn, 18 el. core, 7 valence el., spin-orbit
# M.M. Hurley and W.C. Ermler, JCP 84, 6840 (1986)
Mn nelec 18
Mn ul
2	.451900	-.322372
2	1.386300	-2.421311
2	3.749300	-9.073354
2	11.575100	-23.510959
1	33.643700	-11.558001
Mn S
2	.746100	50.562812
2	.836500	-139.925717
2	1.008700	187.175203
2	1.195300	-96.709875
1	1.958900	18.296155
0	8.920400	3.136734
Mn P
2	1.093700	35.466611	1.813230
2	1.485700	-103.008045	-5.054384
2	1.970800	106.408115	4.829290
2	2.599100	-43.289204	-1.663168
1	1.044500	10.657283	-.129940
0	3.009100	5.335990	-.000218
# Iron atom
# Fe, 18 el. core, 8 valence el., spin-orbit
# M.M. Hurley and W.C. Ermler, JCP 84, 6840 (1986)
Fe nelec 18
Fe ul
2	.495200	-.335382
2	1.503900	-2.398790
2	3.966900	-8.887219
2	11.906700	-23.245460
1	34.955200	-11.525059
Fe S
2	.817300	53.326512
2	.915300	-144.993484
2	1.107100	193.693196
2	1.316700	-101.954778
1	2.085800	20.214622
0	8.912400	3.224127
Fe P
2	.222900	.023527	.001668
2	1.295400	92.195760	4.581882
2	1.557600	-187.783854	-9.844928
2	1.890400	121.008554	5.523144
1	4.917500	12.368421	-.139118
0	7.788900	5.203414	.021724
# Cobalt atom
# Co, 18 el. core, 9 valence el., spin-orbit
# M.M. Hurley and W.C. Ermler, JCP 84, 6840 (1986)
Co nelec 18
Co ul
2	.532300	-.328277
2	1.536500	-2.079793
2	3.874200	-7.911246
2	10.969300	-20.625631
1	32.244400	-11.212105
Co S
2	.867000	41.987351
2	.987000	-118.175362
2	1.222600	165.507252
2	1.485700	-86.301432
1	2.069600	6.806845
0	1.478600	3.706467
Co P
2	.246900	.026888	-.001160
2	1.405400	97.555221	4.926696
2	1.667500	-178.493098	-9.630316
2	2.079300	108.753857	4.637736
1	5.261500	12.923869	-.429174
0	8.093500	5.227323	.025824
# Nickel atom
# Ni, 18 el. core, 10 valence el., spin-orbit
# M.M. Hurley and W.C. Ermler, JCP 84, 6840 (1986)
Ni nelec 18
Ni ul
2	.604700	-.398208
2	1.937000	-3.115495
2	5.494600	-11.885995
2	18.089500	-32.509995
1	53.189400	-11.935028
Ni S
2	.937900	43.799377
2	1.066500	-122.488278
2	1.320100	170.382907
2	1.604500	-88.123616
1	2.269800	8.001575
0	1.709400	3.674683
Ni P
2	.265300	.027447	.000768
2	1.509200	94.021553	5.356128
2	1.812800	-187.115489	-11.295932
2	2.212000	122.751965	6.144546
1	5.485600	12.053374	-.276856
0	7.518900	5.363713	.024518
# Copper atom
# Cu, 18 el. core, 11 valence el., spin-orbit
# M.M. Hurley and W.C. Ermler, JCP 84, 6840 (1986)
Cu nelec 18
Cu ul
2	.475100	-.172871
2	1.423700	-1.670338
2	4.039600	-8.224877
2	12.443900	-23.395144
1	38.740400	-11.426145
Cu S
2	.811500	6.229032
2	1.107400	-48.317299
2	1.380300	113.068708
2	1.653800	-65.061849
1	2.909400	19.981919
0	10.474800	3.217010
Cu P
2	.734700	35.695530	1.084108
2	.835900	-103.460066	-3.821542
2	1.032300	151.972303	7.315962
2	1.253000	-87.702876	-5.182368
1	2.321800	20.809243	.036382
0	9.204200	4.792951	-.043062
# Zinc atom
# Zn, 18 el. core, 12 valence el., spin-orbit
# M.M. Hurley and W.C. Ermler, JCP 84, 6840 (1986)
Zn nelec 18
Zn ul
2	.706200	-.425633
2	2.270000	-3.323037
2	6.477900	-12.901469
2	21.370000	-35.579939
1	63.255600	-12.051876
Zn S
2	1.131900	54.526363
2	1.284700	-151.996139
2	1.589900	214.513097
2	1.935400	-113.678441
1	3.166500	20.791293
0	15.257000	3.026611
Zn P
2	.845600	37.360401	1.723124
2	.962400	-108.311316	-5.722792
2	1.198500	166.686203	10.533580
2	1.463000	-102.955786	-7.461472
1	2.191200	9.700778	.223022
0	1.617200	5.595258	-.061106
# Gallium atom
# Ga, 18 el. core, 13 valence el., spin-orbit
# M.M. Hurley and W.C. Ermler, JCP 84, 6840 (1986)
Ga nelec 18
Ga ul
2	.973600	-.774710
2	3.253000	-5.183851
2	9.120300	-16.362835
2	30.203600	-46.293059
1	87.785400	-12.367616
Ga S
2	1.297900	47.459923
2	1.465600	-133.318512
2	1.808100	198.618181
2	2.209800	-111.652731
1	3.410700	26.529903
0	13.758000	3.208416
Ga P
2	1.608100	-22.179537	-2.031726
2	1.830800	116.834628	9.191478
2	2.314500	-173.272676	-14.010788
2	2.964100	116.797787	6.946712
1	6.947400	13.537562	-.498326
0	9.345400	5.370638	.025748
# Germanium atom
# Ge, 18 el. core, 14 valence el., spin-orbit
# M.M. Hurley and W.C. Ermler, JCP 84, 6840 (1986)
Ge nelec 18
Ge ul
2	1.354600	-1.401967
2	5.022300	-9.454036
2	15.328300	-23.624096
2	47.473100	-62.446718
1	136.242100	-12.963660
Ge S
2	2.305100	-27.651406
2	2.671000	157.555352
2	3.494400	-208.908895
2	4.665400	146.752999
1	14.925400	26.790658
0	44.045300	2.946861
Ge P
2	1.721400	-55.524955	-4.171724
2	1.989300	194.353084	14.573228
2	2.556300	-249.205886	-19.599076
2	3.292600	154.476650	9.117062
1	8.269300	13.029046	-.601278
0	10.149900	5.374356	.027736
# Arsenic atom
# As, 18 el. core, 15 valence el., spin-orbit
# M.M. Hurley and W.C. Ermler, JCP 84, 6840 (1986)
As nelec 18
As ul
2	1.741100	-2.034656
2	6.737400	-13.089098
2	21.894900	-30.309260
2	63.284000	-73.837470
1	186.781300	-13.682019
As S
2	1.609800	34.113517
2	1.818000	-109.881484
2	2.256400	198.610934
2	2.813400	-128.755823
1	3.853400	32.516864
0	16.490700	3.337814
As P
2	1.927000	-68.503383	-4.548628
2	2.256000	231.131508	15.966644
2	2.967300	-286.992524	-21.397886
2	3.939800	179.058949	9.624648
1	11.132000	12.129965	-.727072
0	11.224000	5.372975	.033192
# Selenium atom
# Se, 18 el. core, 16 valence el., spin-orbit
# M.M. Hurley and W.C. Ermler, JCP 84, 6840 (1986)
Se nelec 18
Se ul
2	2.118200	-2.586387
2	8.243200	-15.599658
2	28.677800	-41.256958
2	93.858100	-98.637849
1	239.639800	-12.614325
Se S
2	2.585600	-76.463899
2	3.043400	269.160486
2	4.032900	-307.330938
2	5.398900	196.385623
1	18.187000	29.189408
0	55.402800	2.910986
Se P
2	2.168300	-72.785184	-5.528972
2	2.578500	252.061761	20.113248
2	3.485900	-313.299148	-28.178998
2	4.797900	200.910715	12.854454
1	14.749000	12.055689	-1.046454
0	13.464500	5.316860	.049298
# Bromine atom
# Br, 18 el. core, 17 valence el., spin-orbit
# M.M. Hurley and W.C. Ermler, JCP 84, 6840 (1986)
Br nelec 18
Br ul
2	2.547800	-3.207467
2	9.904300	-17.819559
2	32.943900	-41.367750
2	98.632800	-102.009529
1	287.780800	-13.964525
Br S
2	1.813800	41.542666
2	2.077000	-130.865307
2	2.651400	229.111352
2	3.391400	-139.158807
1	5.079400	34.691664
0	22.008600	3.138916
Br P
2	2.343800	-68.312085	-4.228800
2	2.790000	236.411370	16.750868
2	3.775000	-285.209689	-24.014174
2	5.224000	192.274858	10.837420
1	15.224200	13.296482	-1.140032
0	14.209300	5.337790	.047410
# Krypton atom
# Kr, 18 el. core, 18 valence el., spin-orbit
# M.M. Hurley and W.C. Ermler, JCP 84, 6840 (1986)
Kr nelec 18
Kr ul
2	3.055100	-3.989469
2	12.096000	-21.258189
2	41.911600	-50.230622
2	122.377300	-113.973645
1	363.473700	-14.670471
Kr S
2	2.987200	-78.361242
2	3.606400	278.319626
2	4.981200	-296.609320
2	7.040500	197.151131
1	22.721000	13.340942
0	21.712700	3.352396
Kr P
2	2.612500	-73.707856	-4.387736
2	3.157500	262.283199	17.909928
2	4.390000	-317.215031	-26.305520
2	6.305300	218.150173	11.884060
1	19.632300	13.320876	-1.191740
0	17.433400	5.268356	.050730
END
