ECP
# Gallium atom
# Ga, 28 el. core, 3 valence el., spin-orbit
# M.M.Hurley and Ermler, JCP 84, 6840 (1986)
Ga nelec 28
Ga ul
2	.588100	-.319977
2	1.640700	-4.770944
2	4.355000	-21.727410
2	13.116600	-48.097948
1	40.744000	-18.713619
Ga S
2	.320800	-.042524
2	2.620200	127.490679
2	3.141300	-239.205661
2	3.900500	113.471856
1	2.488500	25.328977
0	13.403400	3.349783
Ga P
2	1.336600	-33.185229	-2.111208
2	1.597800	112.459403	8.138102
2	2.098700	-136.701481	-11.893790
2	2.699400	82.935359	6.042182
1	4.328200	11.972970	-.349336
0	8.211800	5.430342	.014792
Ga D
2	.759200	52.299481	.663090
2	.856200	-124.251961	-1.430938
2	1.031500	130.492963	1.212184
2	1.231900	-60.306935	-.455995
1	1.922300	14.735067	.007970
0	5.157600	3.488669	-.001172
# Germanium atom
# Ge, 28 el. core, 4 valence el., spin-orbit
# M.M.Hurley and Ermler, JCP 84, 6840 (1986)
Ge nelec 28
Ge ul
2	.767700	-.394331
2	2.084000	-5.838442
2	5.430100	-25.135115
2	16.532900	-54.325540
1	50.329000	-19.005036
Ge S
2	1.883600	-37.252099
2	2.335100	118.111483
2	3.186400	-155.077091
2	4.271900	84.980302
1	2.035900	19.088362
0	12.929200	3.267818
Ge P
2	1.645000	-53.611416	-2.645252
2	1.941900	175.172210	10.217014
2	2.560000	-215.375755	-14.564390
2	3.387200	139.209299	6.899448
1	8.416800	10.595574	-.496210
0	9.807100	5.457020	.025592
Ge D
2	.899800	64.171476	-1.155727
2	1.034500	-161.126524	3.207308
2	1.299500	186.054430	-4.009919
2	1.609600	-92.987980	2.140861
1	2.245800	10.200619	-.122642
0	1.722600	7.640654	.016388
# Arsenic atom
# As, 28 el. core, 5 valence el., spin-orbit
# M.M.Hurley and Ermler, JCP 84, 6840 (1986)
As nelec 28
As ul
2	.958900	-.473017
2	2.541800	-6.785312
2	6.513400	-28.133385
2	20.033100	-60.481985
1	60.187000	-19.244002
As S
2	2.157600	-49.068825
2	2.609400	175.889361
2	3.523800	-200.331650
2	4.820200	150.991764
1	13.870600	32.852165
0	35.676500	3.339107
As P
2	1.918500	-67.207995	-3.505460
2	2.267000	220.362870	13.346208
2	3.012900	-270.246920	-18.918898
2	4.043900	173.095280	8.810702
1	11.336400	10.388259	-.637110
0	11.374600	5.429486	.032522
As D
2	.837100	-38.583497	-.680830
2	.950500	117.567784	1.757369
2	1.180100	-167.236407	-1.853199
2	1.454200	106.399342	.774252
1	4.544400	9.161246	-.014977
0	4.157200	7.609508	.001340
# Selenium atom
# Se, 28 el. core, 6 valence el., spin-orbit
# M.M.Hurley and Ermler, JCP 84, 6840 (1986)
Se nelec 28
Se ul
2	1.165000	-.560052
2	3.019300	-7.654434
2	7.636300	-30.986436
2	23.738800	-66.839419
1	70.747700	-19.464551
Se S
2	2.530900	-77.680224
2	3.016300	259.822746
2	4.052400	-286.509483
2	5.496100	186.876955
1	15.214700	14.901224
0	19.290700	3.385407
Se P
2	2.152300	-72.917127	-5.446512
2	2.566600	242.852829	20.005166
2	3.465100	-298.234401	-29.201960
2	4.666500	156.365132	16.750328
1	3.892300	14.579875	-1.041858
0	13.978300	5.288504	.047420
Se D
2	1.058800	-42.698303	-.506930
2	1.213900	130.758051	1.469425
2	1.541700	-186.894124	-1.758140
2	1.950300	124.371037	.819799
1	6.030500	9.393292	-.029384
0	5.369000	7.530381	.002918
# Bromine atom
# Br, 28 el. core, 7 valence el., spin-orbit
# M.M.Hurley and Ermler, JCP 84, 6840 (1986)
Br nelec 28
Br ul
2	1.401900	-.689622
2	3.602000	-8.903298
2	8.967000	-33.985401
2	28.135200	-74.117600
1	83.317900	-19.702532
Br S
2	1.846000	39.554527
2	2.116800	-127.327067
2	2.703900	226.224707
2	3.451400	-137.277730
1	5.180300	34.878343
0	23.034500	3.163496
Br P
2	2.376500	-72.414036	-3.540860
2	2.820000	241.876011	14.890312
2	3.795000	-289.872685	-21.941016
2	5.206000	193.861761	10.186284
1	14.697000	11.547855	-.870696
0	14.289200	5.401446	.038592
Br D
2	1.221600	-42.921552	-.977748
2	1.406100	132.842701	2.501792
2	1.796700	-190.214086	-2.647221
2	2.299300	130.493379	1.125519
1	6.968700	9.658866	-.027344
0	6.201300	7.503121	.002062
# Krypton atom
# Kr, 28 el. core, 8 valence el., spin-orbit
# M.M.Hurley and Ermler, JCP 84, 6840 (1986)
Kr nelec 28
Kr ul
2	1.677500	-.867674
2	4.245500	-10.168666
2	10.413300	-37.047831
2	33.019100	-82.028862
1	97.540100	-19.952639
Kr S
2	3.008700	-81.186060
2	3.616700	277.684654
2	4.939100	-298.012342
2	6.675800	143.602269
1	5.248500	17.648469
0	22.395100	3.336640
Kr P
2	2.646900	-76.909832	-4.587608
2	3.186500	267.189499	18.754276
2	4.399200	-323.519297	-27.775834
2	6.258700	220.480046	12.904542
1	19.347300	11.694519	-1.066958
0	17.346900	5.331181	.047912
Kr D
2	1.522300	-48.586225	-.920988
2	1.783600	156.378100	2.706610
2	2.350100	-225.409555	-3.363946
2	3.136800	161.852199	1.630381
1	9.785100	10.137445	-.085888
0	8.549700	7.399992	.006859
# Rubidium atom
# Rb, 28 el. core,9 valence el., spin-orbit
# Lajohn and Christiansen, JCP 87, 2812 (1987)
Rb nelec 28
Rb ul
2	1.964600	-1.044000
2	5.023500	-12.268547
2	12.311900	-40.493605
2	39.439200	-92.107945
1	116.430700	-20.250831
Rb S
2	2.298100	50.813943
2	2.662700	-162.047325
2	3.509300	313.810810
2	4.969800	-309.754504
2	6.948400	216.076070
1	17.703900	20.860631
0	25.660300	3.361201
Rb P
2	2.021600	45.412322	1.460254
2	2.339800	-145.472374	-6.008796
2	3.078400	283.184195	16.794524
2	4.375700	-305.102138	-23.135652
2	6.158600	207.653963	10.113994
1	16.778900	12.159850	-.926340
0	16.616800	5.399894	.031160
Rb D
2	1.233800	31.682751	.533880
2	1.419400	-100.625294	-1.670554
2	1.833900	186.521603	2.882851
2	2.545500	-239.760732	-3.160725
2	3.470100	170.190514	1.464950
1	10.620700	9.917438	-.067396
0	9.286100	7.410629	.004980
