#
#K.E. Yousaf and K.A. Peterson, J. Chem. Phys. 129, 184108 (2008). Auxiliary RI (OptRI) matched to the cc-pVnZ-F12 Double- Basis Set for HThis should be used within the CABS framework with the above orbital set
#

#BASIS SET:
H s
2.296806E+00 1.000000E+00 0.000000E+00 0.000000E+00
7.866854E-01 0.000000E+00 1.000000E+00 0.000000E+00
1.569516E-01 0.000000E+00 0.000000E+00 1.000000E+00
H p
5.313952E+00 1.000000E+00 0.000000E+00 0.000000E+00
1.654942E+00 0.000000E+00 1.000000E+00 0.000000E+00
7.362720E-01 0.000000E+00 0.000000E+00 1.000000E+00
H d
1.661771E+00 1.000000E+00 0.000000E+00
4.585007E-01 0.000000E+00 1.000000E+00
#BASIS SET:
B s
3.835311E+00 1.000000E+00 0.000000E+00 0.000000E+00 0.000000E+00
1.418319E+00 0.000000E+00 1.000000E+00 0.000000E+00 0.000000E+00
2.322745E-01 0.000000E+00 0.000000E+00 1.000000E+00 0.000000E+00
5.130215E-02 0.000000E+00 0.000000E+00 0.000000E+00 1.000000E+00
B p
2.106902E+00 1.000000E+00 0.000000E+00 0.000000E+00 0.000000E+00
4.453153E-01 0.000000E+00 1.000000E+00 0.000000E+00 0.000000E+00
1.375555E-01 0.000000E+00 0.000000E+00 1.000000E+00 0.000000E+00
3.955853E-02 0.000000E+00 0.000000E+00 0.000000E+00 1.000000E+00
B d
2.410297E+00 1.000000E+00 0.000000E+00 0.000000E+00 0.000000E+00
1.262179E+00 0.000000E+00 1.000000E+00 0.000000E+00 0.000000E+00
4.481527E-01 0.000000E+00 0.000000E+00 1.000000E+00 0.000000E+00
1.545639E-01 0.000000E+00 0.000000E+00 0.000000E+00 1.000000E+00
B f
1.828500E+00 1.000000E+00 0.000000E+00 0.000000E+00
7.431013E-01 0.000000E+00 1.000000E+00 0.000000E+00
3.022620E-01 0.000000E+00 0.000000E+00 1.000000E+00
B g
6.940204E-01 1.000000E+00
#BASIS SET:
C s
5.222730E+00 1.000000E+00 0.000000E+00 0.000000E+00 0.000000E+00
2.160443E+00 0.000000E+00 1.000000E+00 0.000000E+00 0.000000E+00
4.870733E-01 0.000000E+00 0.000000E+00 1.000000E+00 0.000000E+00
7.432538E-02 0.000000E+00 0.000000E+00 0.000000E+00 1.000000E+00
C p
2.082292E+00 1.000000E+00 0.000000E+00 0.000000E+00 0.000000E+00
5.742879E-01 0.000000E+00 1.000000E+00 0.000000E+00 0.000000E+00
2.558889E-01 0.000000E+00 0.000000E+00 1.000000E+00 0.000000E+00
8.094619E-02 0.000000E+00 0.000000E+00 0.000000E+00 1.000000E+00
C d
4.731509E+00 1.000000E+00 0.000000E+00 0.000000E+00 0.000000E+00
1.753517E+00 0.000000E+00 1.000000E+00 0.000000E+00 0.000000E+00
6.665996E-01 0.000000E+00 0.000000E+00 1.000000E+00 0.000000E+00
1.554832E-01 0.000000E+00 0.000000E+00 0.000000E+00 1.000000E+00
C f
3.082340E+00 1.000000E+00 0.000000E+00 0.000000E+00
1.078091E+00 0.000000E+00 1.000000E+00 0.000000E+00
4.004624E-01 0.000000E+00 0.000000E+00 1.000000E+00
C g
1.042378E+00 1.000000E+00
#BASIS SET:
N s
8.237646E+00 1.000000E+00 0.000000E+00 0.000000E+00 0.000000E+00
1.935275E+00 0.000000E+00 1.000000E+00 0.000000E+00 0.000000E+00
5.917685E-01 0.000000E+00 0.000000E+00 1.000000E+00 0.000000E+00
1.194033E-01 0.000000E+00 0.000000E+00 0.000000E+00 1.000000E+00
N p
3.169808E+00 1.000000E+00 0.000000E+00 0.000000E+00 0.000000E+00
8.312943E-01 0.000000E+00 1.000000E+00 0.000000E+00 0.000000E+00
2.581226E-01 0.000000E+00 0.000000E+00 1.000000E+00 0.000000E+00
1.059478E-01 0.000000E+00 0.000000E+00 0.000000E+00 1.000000E+00
N d
7.581668E+00 1.000000E+00 0.000000E+00 0.000000E+00 0.000000E+00
2.691946E+00 0.000000E+00 1.000000E+00 0.000000E+00 0.000000E+00
8.931832E-01 0.000000E+00 0.000000E+00 1.000000E+00 0.000000E+00
2.423124E-01 0.000000E+00 0.000000E+00 0.000000E+00 1.000000E+00
N f
3.959636E+00 1.000000E+00 0.000000E+00 0.000000E+00
1.325352E+00 0.000000E+00 1.000000E+00 0.000000E+00
4.693149E-01 0.000000E+00 0.000000E+00 1.000000E+00
N g
1.404060E+00 1.000000E+00
#BASIS SET:
O s
1.375682E+01 1.000000E+00 0.000000E+00 0.000000E+00 0.000000E+00
2.646458E+00 0.000000E+00 1.000000E+00 0.000000E+00 0.000000E+00
1.024923E+00 0.000000E+00 0.000000E+00 1.000000E+00 0.000000E+00
1.261392E-01 0.000000E+00 0.000000E+00 0.000000E+00 1.000000E+00
O p
5.869474E+00 1.000000E+00 0.000000E+00 0.000000E+00 0.000000E+00
1.070570E+00 0.000000E+00 1.000000E+00 0.000000E+00 0.000000E+00
3.279170E-01 0.000000E+00 0.000000E+00 1.000000E+00 0.000000E+00
1.054653E-01 0.000000E+00 0.000000E+00 0.000000E+00 1.000000E+00
O d
1.033898E+01 1.000000E+00 0.000000E+00 0.000000E+00 0.000000E+00
3.486805E+00 0.000000E+00 1.000000E+00 0.000000E+00 0.000000E+00
8.377058E-01 0.000000E+00 0.000000E+00 1.000000E+00 0.000000E+00
2.353998E-01 0.000000E+00 0.000000E+00 0.000000E+00 1.000000E+00
O f
5.386076E+00 1.000000E+00 0.000000E+00 0.000000E+00
1.790236E+00 0.000000E+00 1.000000E+00 0.000000E+00
6.282819E-01 0.000000E+00 0.000000E+00 1.000000E+00
O g
1.837474E+00 1.000000E+00
#BASIS SET:
F s
1.472057E+01 1.000000E+00 0.000000E+00 0.000000E+00 0.000000E+00
4.831321E+00 0.000000E+00 1.000000E+00 0.000000E+00 0.000000E+00
8.797098E-01 0.000000E+00 0.000000E+00 1.000000E+00 0.000000E+00
1.364431E-01 0.000000E+00 0.000000E+00 0.000000E+00 1.000000E+00
F p
5.168668E+00 1.000000E+00 0.000000E+00 0.000000E+00 0.000000E+00
1.354802E+00 0.000000E+00 1.000000E+00 0.000000E+00 0.000000E+00
5.023383E-01 0.000000E+00 0.000000E+00 1.000000E+00 0.000000E+00
1.094858E-01 0.000000E+00 0.000000E+00 0.000000E+00 1.000000E+00
F d
8.813819E+00 1.000000E+00 0.000000E+00 0.000000E+00 0.000000E+00
3.869716E+00 0.000000E+00 1.000000E+00 0.000000E+00 0.000000E+00
8.671249E-01 0.000000E+00 0.000000E+00 1.000000E+00 0.000000E+00
3.827709E-01 0.000000E+00 0.000000E+00 0.000000E+00 1.000000E+00
F f
6.798897E+00 1.000000E+00 0.000000E+00 0.000000E+00
2.225527E+00 0.000000E+00 1.000000E+00 0.000000E+00
7.644025E-01 0.000000E+00 0.000000E+00 1.000000E+00
F g
2.374534E+00 1.000000E+00
#BASIS SET:
Ne s
2.231444E+01 1.000000E+00 0.000000E+00 0.000000E+00 0.000000E+00
9.016400E+00 0.000000E+00 1.000000E+00 0.000000E+00 0.000000E+00
1.154658E+00 0.000000E+00 0.000000E+00 1.000000E+00 0.000000E+00
2.463807E-01 0.000000E+00 0.000000E+00 0.000000E+00 1.000000E+00
Ne p
6.998798E+00 1.000000E+00 0.000000E+00 0.000000E+00 0.000000E+00
1.710804E+00 0.000000E+00 1.000000E+00 0.000000E+00 0.000000E+00
7.085191E-01 0.000000E+00 0.000000E+00 1.000000E+00 0.000000E+00
1.779225E-01 0.000000E+00 0.000000E+00 0.000000E+00 1.000000E+00
Ne d
1.109316E+01 1.000000E+00 0.000000E+00 0.000000E+00 0.000000E+00
4.379244E+00 0.000000E+00 1.000000E+00 0.000000E+00 0.000000E+00
1.559531E+00 0.000000E+00 0.000000E+00 1.000000E+00 0.000000E+00
4.773386E-01 0.000000E+00 0.000000E+00 0.000000E+00 1.000000E+00
Ne f
8.430239E+00 1.000000E+00 0.000000E+00 0.000000E+00
2.751774E+00 0.000000E+00 1.000000E+00 0.000000E+00
9.299593E-01 0.000000E+00 0.000000E+00 1.000000E+00
Ne g
2.867725E+00 1.000000E+00
#BASIS SET:
Al s
4.619551E+00 1.000000E+00 0.000000E+00 0.000000E+00 0.000000E+00
6.582231E-01 0.000000E+00 1.000000E+00 0.000000E+00 0.000000E+00
1.750165E-01 0.000000E+00 0.000000E+00 1.000000E+00 0.000000E+00
3.682895E-02 0.000000E+00 0.000000E+00 0.000000E+00 1.000000E+00
Al p
6.499987E+00 1.000000E+00 0.000000E+00 0.000000E+00 0.000000E+00
1.387193E+00 0.000000E+00 1.000000E+00 0.000000E+00 0.000000E+00
2.287209E-01 0.000000E+00 0.000000E+00 1.000000E+00 0.000000E+00
2.948695E-02 0.000000E+00 0.000000E+00 0.000000E+00 1.000000E+00
Al d
5.993944E+00 1.000000E+00 0.000000E+00 0.000000E+00 0.000000E+00
3.046277E+00 0.000000E+00 1.000000E+00 0.000000E+00 0.000000E+00
7.056359E-01 0.000000E+00 0.000000E+00 1.000000E+00 0.000000E+00
2.042111E-01 0.000000E+00 0.000000E+00 0.000000E+00 1.000000E+00
Al f
1.109968E+00 1.000000E+00 0.000000E+00 0.000000E+00
4.376858E-01 0.000000E+00 1.000000E+00 0.000000E+00
1.814204E-01 0.000000E+00 0.000000E+00 1.000000E+00
Al g
3.255076E-01 1.000000E+00
#BASIS SET:
Si s
6.681189E+00 1.000000E+00 0.000000E+00 0.000000E+00 0.000000E+00
6.600333E-01 0.000000E+00 1.000000E+00 0.000000E+00 0.000000E+00
1.609559E-01 0.000000E+00 0.000000E+00 1.000000E+00 0.000000E+00
5.004241E-02 0.000000E+00 0.000000E+00 0.000000E+00 1.000000E+00
Si p
6.906470E+00 1.000000E+00 0.000000E+00 0.000000E+00 0.000000E+00
1.021824E+00 0.000000E+00 1.000000E+00 0.000000E+00 0.000000E+00
1.427110E-01 0.000000E+00 0.000000E+00 1.000000E+00 0.000000E+00
4.072362E-02 0.000000E+00 0.000000E+00 0.000000E+00 1.000000E+00
Si d
7.505505E+00 1.000000E+00 0.000000E+00 0.000000E+00 0.000000E+00
4.921023E+00 0.000000E+00 1.000000E+00 0.000000E+00 0.000000E+00
1.154670E+00 0.000000E+00 0.000000E+00 1.000000E+00 0.000000E+00
3.693731E-01 0.000000E+00 0.000000E+00 0.000000E+00 1.000000E+00
Si f
3.380074E+00 1.000000E+00 0.000000E+00 0.000000E+00
5.671637E-01 0.000000E+00 1.000000E+00 0.000000E+00
2.418752E-01 0.000000E+00 0.000000E+00 1.000000E+00
Si g
4.564514E-01 1.000000E+00
#BASIS SET:
P s
6.088485E+00 1.000000E+00 0.000000E+00 0.000000E+00 0.000000E+00
1.098272E+00 0.000000E+00 1.000000E+00 0.000000E+00 0.000000E+00
2.569165E-01 0.000000E+00 0.000000E+00 1.000000E+00 0.000000E+00
6.210990E-02 0.000000E+00 0.000000E+00 0.000000E+00 1.000000E+00
P p
1.208300E+01 1.000000E+00 0.000000E+00 0.000000E+00 0.000000E+00
1.201985E+00 0.000000E+00 1.000000E+00 0.000000E+00 0.000000E+00
3.012609E-01 0.000000E+00 0.000000E+00 1.000000E+00 0.000000E+00
6.356790E-02 0.000000E+00 0.000000E+00 0.000000E+00 1.000000E+00
P d
1.191044E+01 1.000000E+00 0.000000E+00 0.000000E+00 0.000000E+00
5.413831E+00 0.000000E+00 1.000000E+00 0.000000E+00 0.000000E+00
1.411074E+00 0.000000E+00 0.000000E+00 1.000000E+00 0.000000E+00
4.400528E-01 0.000000E+00 0.000000E+00 0.000000E+00 1.000000E+00
P f
4.259225E+00 1.000000E+00 0.000000E+00 0.000000E+00
6.983493E-01 0.000000E+00 1.000000E+00 0.000000E+00
2.881710E-01 0.000000E+00 0.000000E+00 1.000000E+00
P g
5.961846E-01 1.000000E+00
#BASIS SET:
S s
7.502851E+00 1.000000E+00 0.000000E+00 0.000000E+00 0.000000E+00
1.548711E+00 0.000000E+00 1.000000E+00 0.000000E+00 0.000000E+00
3.694970E-01 0.000000E+00 0.000000E+00 1.000000E+00 0.000000E+00
7.676860E-02 0.000000E+00 0.000000E+00 0.000000E+00 1.000000E+00
S p
1.275399E+01 1.000000E+00 0.000000E+00 0.000000E+00 0.000000E+00
1.788232E+00 0.000000E+00 1.000000E+00 0.000000E+00 0.000000E+00
2.969829E-01 0.000000E+00 0.000000E+00 1.000000E+00 0.000000E+00
7.320610E-02 0.000000E+00 0.000000E+00 0.000000E+00 1.000000E+00
S d
1.725627E+01 1.000000E+00 0.000000E+00 0.000000E+00 0.000000E+00
6.723950E+00 0.000000E+00 1.000000E+00 0.000000E+00 0.000000E+00
1.560043E+00 0.000000E+00 0.000000E+00 1.000000E+00 0.000000E+00
4.978022E-01 0.000000E+00 0.000000E+00 0.000000E+00 1.000000E+00
S f
4.846171E+00 1.000000E+00 0.000000E+00 0.000000E+00
8.983479E-01 0.000000E+00 1.000000E+00 0.000000E+00
3.612867E-01 0.000000E+00 0.000000E+00 1.000000E+00
S g
7.478690E-01 1.000000E+00
#BASIS SET:
Cl s
9.460006E+00 1.000000E+00 0.000000E+00 0.000000E+00 0.000000E+00
2.010035E+00 0.000000E+00 1.000000E+00 0.000000E+00 0.000000E+00
4.406755E-01 0.000000E+00 0.000000E+00 1.000000E+00 0.000000E+00
1.054034E-01 0.000000E+00 0.000000E+00 0.000000E+00 1.000000E+00
Cl p
1.510317E+01 1.000000E+00 0.000000E+00 0.000000E+00 0.000000E+00
2.114878E+00 0.000000E+00 1.000000E+00 0.000000E+00 0.000000E+00
3.597416E-01 0.000000E+00 0.000000E+00 1.000000E+00 0.000000E+00
7.313094E-02 0.000000E+00 0.000000E+00 0.000000E+00 1.000000E+00
Cl d
3.500646E+01 1.000000E+00 0.000000E+00 0.000000E+00 0.000000E+00
1.035204E+01 0.000000E+00 1.000000E+00 0.000000E+00 0.000000E+00
4.147621E+00 0.000000E+00 0.000000E+00 1.000000E+00 0.000000E+00
5.612309E-01 0.000000E+00 0.000000E+00 0.000000E+00 1.000000E+00
Cl f
6.022635E+00 1.000000E+00 0.000000E+00 0.000000E+00
1.069364E+00 0.000000E+00 1.000000E+00 0.000000E+00
4.213247E-01 0.000000E+00 0.000000E+00 1.000000E+00
Cl g
9.124372E-01 1.000000E+00
#BASIS SET:
Ar s
1.014470E+01 1.000000E+00 0.000000E+00 0.000000E+00 0.000000E+00
1.988068E+00 0.000000E+00 1.000000E+00 0.000000E+00 0.000000E+00
4.934276E-01 0.000000E+00 0.000000E+00 1.000000E+00 0.000000E+00
1.119110E-01 0.000000E+00 0.000000E+00 0.000000E+00 1.000000E+00
Ar p
1.659122E+01 1.000000E+00 0.000000E+00 0.000000E+00 0.000000E+00
2.205314E+00 0.000000E+00 1.000000E+00 0.000000E+00 0.000000E+00
4.765143E-01 0.000000E+00 0.000000E+00 1.000000E+00 0.000000E+00
9.514873E-02 0.000000E+00 0.000000E+00 0.000000E+00 1.000000E+00
Ar d
3.806247E+01 1.000000E+00 0.000000E+00 0.000000E+00 0.000000E+00
1.340877E+01 0.000000E+00 1.000000E+00 0.000000E+00 0.000000E+00
5.246785E+00 0.000000E+00 0.000000E+00 1.000000E+00 0.000000E+00
6.438553E-01 0.000000E+00 0.000000E+00 0.000000E+00 1.000000E+00
Ar f
7.179923E+00 1.000000E+00 0.000000E+00 0.000000E+00
1.260789E+00 0.000000E+00 1.000000E+00 0.000000E+00
4.917181E-01 0.000000E+00 0.000000E+00 1.000000E+00
Ar g
1.083920E+00 1.000000E+00
END
