#
#K.A. Peterson, M.K. Kesharwani, and J.M.L. Martin, Mol. Phys. 113, 1551 (2015)N. Sylvetsky, K.A. Peterson, A. Karton, and J.M.L. Martin, J. Chem. Phys. 144, 214101 (2016)Nonrelativistic correlation consistent polarized  Valence Quintuple- Basis Set for H
#

#BASIS SET:
H s
1.776776E+03 4.4000000E-05 0.0000000E+00 0.0000000E+00 0.0000000E+00 0.0000000E+00 0.0000000E+00
2.540177E+02 3.7200000E-04 0.0000000E+00 0.0000000E+00 0.0000000E+00 0.0000000E+00 0.0000000E+00
5.469804E+01 2.0940000E-03 0.0000000E+00 0.0000000E+00 0.0000000E+00 0.0000000E+00 0.0000000E+00
1.501834E+01 8.8630000E-03 0.0000000E+00 0.0000000E+00 0.0000000E+00 0.0000000E+00 0.0000000E+00
4.915078E+00 3.0540000E-02 0.0000000E+00 0.0000000E+00 0.0000000E+00 0.0000000E+00 0.0000000E+00
1.794924E+00 9.0342000E-02 1.0000000E+00 0.0000000E+00 0.0000000E+00 0.0000000E+00 0.0000000E+00
7.107160E-01 2.1323900E-01 0.0000000E+00 1.0000000E+00 0.0000000E+00 0.0000000E+00 0.0000000E+00
3.048020E-01 3.5235000E-01 0.0000000E+00 0.0000000E+00 1.0000000E+00 0.0000000E+00 0.0000000E+00
1.380460E-01 3.3965700E-01 0.0000000E+00 0.0000000E+00 0.0000000E+00 1.0000000E+00 0.0000000E+00
6.215700E-02 1.0733000E-01 0.0000000E+00 0.0000000E+00 0.0000000E+00 0.0000000E+00 1.0000000E+00
H p
2.017100E+00 1.0000000E+00 0.0000000E+00 0.0000000E+00 0.0000000E+00 0.0000000E+00
1.038300E+00 0.0000000E+00 1.0000000E+00 0.0000000E+00 0.0000000E+00 0.0000000E+00
5.344000E-01 0.0000000E+00 0.0000000E+00 1.0000000E+00 0.0000000E+00 0.0000000E+00
2.751000E-01 0.0000000E+00 0.0000000E+00 0.0000000E+00 1.0000000E+00 0.0000000E+00
1.416000E-01 0.0000000E+00 0.0000000E+00 0.0000000E+00 0.0000000E+00 1.0000000E+00
H d
2.276000E+00 1.0000000E+00 0.0000000E+00 0.0000000E+00 0.0000000E+00
1.083300E+00 0.0000000E+00 1.0000000E+00 0.0000000E+00 0.0000000E+00
5.157000E-01 0.0000000E+00 0.0000000E+00 1.0000000E+00 0.0000000E+00
2.455000E-01 0.0000000E+00 0.0000000E+00 0.0000000E+00 1.0000000E+00
H f
1.185400E+00 1.0000000E+00 0.0000000E+00 0.0000000E+00
6.176000E-01 0.0000000E+00 1.0000000E+00 0.0000000E+00
3.218000E-01 0.0000000E+00 0.0000000E+00 1.0000000E+00
H g
1.820400E+00 1.0000000E+00 0.0000000E+00
5.131000E-01 0.0000000E+00 1.0000000E+00
END
