#----------------------------------------------------------------------
# Basis Set Exchange
# Version v0.8.9
# https://www.basissetexchange.org
#----------------------------------------------------------------------
#   Basis set: aug-cc-pwCVDZ
# Description: DZP     Double Zeta + Polarization + Tight Core +
#                    Diffuse
#        Role: orbital
#     Version: 0  (Data from the original Basis Set Exchange)
#----------------------------------------------------------------------


BASIS "ao basis" PRINT
#BASIS SET: (11s,6p,2d) -> [5s,4p,2d]
B    S
   4570.0000000              0.0006960             -0.0001390              0.0000000              0.00000000             0.00000000
    685.9000000              0.0053530             -0.0010970              0.0000000              0.00000000             0.00000000
    156.5000000              0.0271340             -0.0054440              0.0000000              0.00000000             0.00000000
     44.4700000              0.1013800             -0.0219160              0.0000000              0.00000000             0.00000000
     14.4800000              0.2720550             -0.0597510              0.0000000              0.00000000             0.00000000
      5.1310000              0.4484030             -0.1387320              0.0000000              0.00000000             0.00000000
      1.8980000              0.2901230             -0.1314820              0.0000000              0.00000000             0.00000000
      0.3329000              0.0143220              0.5395260              0.0000000              0.00000000             0.00000000
      0.1043000              0.0000000E+00          0.0000000E+00          1.0000000              0.00000000             0.00000000
      0.0310500              0.00000000             0.00000000             0.00000000             1.0000000              0.00000000
      2.463000               0.00000000             0.00000000             0.00000000             0.00000000             1.000000
B    P
      6.0010000              0.0354810              0.0000000              0.00000000             0.00000000
      1.2410000              0.1980720              0.0000000              0.00000000             0.00000000
      0.3364000              0.5052300              0.0000000              0.00000000             0.00000000
      0.0953800              0.0000000E+00          1.0000000              0.00000000             0.00000000
      0.0237800              0.00000000             0.00000000             1.0000000              0.00000000
      4.566000               0.00000000             0.00000000             0.00000000             1.000000
B    D
      0.3430000              1.0000000              0.00000000
      0.0904000              0.00000000             1.0000000
#BASIS SET: (11s,6p,2d) -> [5s,4p,2d]
C    S
   6665.0000000              0.0006920             -0.0001460              0.0000000              0.00000000             0.00000000
   1000.0000000              0.0053290             -0.0011540              0.0000000              0.00000000             0.00000000
    228.0000000              0.0270770             -0.0057250              0.0000000              0.00000000             0.00000000
     64.7100000              0.1017180             -0.0233120              0.0000000              0.00000000             0.00000000
     21.0600000              0.2747400             -0.0639550              0.0000000              0.00000000             0.00000000
      7.4950000              0.4485640             -0.1499810              0.0000000              0.00000000             0.00000000
      2.7970000              0.2850740             -0.1272620              0.0000000              0.00000000             0.00000000
      0.5215000              0.0152040              0.5445290              0.0000000              0.00000000             0.00000000
      0.1596000              0.0000000E+00          0.0000000E+00          1.0000000              0.00000000             0.00000000
      0.0469000              0.00000000             0.00000000             0.00000000             1.0000000              0.00000000
      3.339000               0.00000000             0.00000000             0.00000000             0.00000000             1.000000
C    P
      9.4390000              0.0381090              0.0000000              0.00000000             0.00000000
      2.0020000              0.2094800              0.0000000              0.00000000             0.00000000
      0.5456000              0.5085570              0.0000000              0.00000000             0.00000000
      0.1517000              0.0000000E+00          1.0000000              0.00000000             0.00000000
      0.0404100              0.00000000             0.00000000             1.0000000              0.00000000
      7.235000               0.00000000             0.00000000             0.00000000             1.000000
C    D
      0.5500000              1.0000000              0.00000000
      0.1510000              0.00000000             1.0000000
#BASIS SET: (11s,6p,2d) -> [5s,4p,2d]
N    S
   9046.0000000              0.0007000             -0.0001530              0.0000000              0.00000000             0.00000000
   1357.0000000              0.0053890             -0.0012080              0.0000000              0.00000000             0.00000000
    309.3000000              0.0274060             -0.0059920              0.0000000              0.00000000             0.00000000
     87.7300000              0.1032070             -0.0245440              0.0000000              0.00000000             0.00000000
     28.5600000              0.2787230             -0.0674590              0.0000000              0.00000000             0.00000000
     10.2100000              0.4485400             -0.1580780              0.0000000              0.00000000             0.00000000
      3.8380000              0.2782380             -0.1218310              0.0000000              0.00000000             0.00000000
      0.7466000              0.0154400              0.5490030              0.0000000              0.00000000             0.00000000
      0.2248000              0.0000000E+00          0.0000000E+00          1.0000000              0.00000000             0.00000000
      0.0612400              0.00000000             0.00000000             0.00000000             1.0000000              0.00000000
      4.320000               0.00000000             0.00000000             0.00000000             0.00000000             1.000000
N    P
     13.5500000              0.0399190              0.0000000              0.00000000             0.00000000
      2.9170000              0.2171690              0.0000000              0.00000000             0.00000000
      0.7973000              0.5103190              0.0000000              0.00000000             0.00000000
      0.2185000              0.0000000E+00          1.0000000              0.00000000             0.00000000
      0.0561100              0.00000000             0.00000000             1.0000000              0.00000000
     10.23900                0.00000000             0.00000000             0.00000000             1.000000
N    D
      0.8170000              1.0000000              0.00000000
      0.2300000              0.00000000             1.0000000
#BASIS SET: (11s,6p,2d) -> [5s,4p,2d]
O    S
  11720.0000000              0.0007100             -0.0001600              0.0000000              0.00000000             0.00000000
   1759.0000000              0.0054700             -0.0012630              0.0000000              0.00000000             0.00000000
    400.8000000              0.0278370             -0.0062670              0.0000000              0.00000000             0.00000000
    113.7000000              0.1048000             -0.0257160              0.0000000              0.00000000             0.00000000
     37.0300000              0.2830620             -0.0709240              0.0000000              0.00000000             0.00000000
     13.2700000              0.4487190             -0.1654110              0.0000000              0.00000000             0.00000000
      5.0250000              0.2709520             -0.1169550              0.0000000              0.00000000             0.00000000
      1.0130000              0.0154580              0.5573680              0.0000000              0.00000000             0.00000000
      0.3023000              0.0000000E+00          0.0000000E+00          1.0000000              0.00000000             0.00000000
      0.0789600              0.00000000             0.00000000             0.00000000             1.0000000              0.00000000
      5.459000               0.00000000             0.00000000             0.00000000             0.00000000             1.000000
O    P
     17.7000000              0.0430180              0.0000000              0.00000000             0.00000000
      3.8540000              0.2289130              0.0000000              0.00000000             0.00000000
      1.0460000              0.5087280              0.0000000              0.00000000             0.00000000
      0.2753000              0.0000000E+00          1.0000000              0.00000000             0.00000000
      0.0685600              0.00000000             0.00000000             1.0000000              0.00000000
     13.32000                0.00000000             0.00000000             0.00000000             1.000000
O    D
      1.1850000              1.0000000              0.00000000
      0.3320000              0.00000000             1.0000000
#BASIS SET: (11s,6p,2d) -> [5s,4p,2d]
F    S
  14710.0000000              0.0007210             -0.0001650              0.0000000              0.00000000             0.00000000
   2207.0000000              0.0055530             -0.0013080              0.0000000              0.00000000             0.00000000
    502.8000000              0.0282670             -0.0064950              0.0000000              0.00000000             0.00000000
    142.6000000              0.1064440             -0.0266910              0.0000000              0.00000000             0.00000000
     46.4700000              0.2868140             -0.0736900              0.0000000              0.00000000             0.00000000
     16.7000000              0.4486410             -0.1707760              0.0000000              0.00000000             0.00000000
      6.3560000              0.2647610             -0.1123270              0.0000000              0.00000000             0.00000000
      1.3160000              0.0153330              0.5628140              0.0000000              0.00000000             0.00000000
      0.3897000              0.0000000E+00          0.0000000E+00          1.0000000              0.00000000             0.00000000
      0.0986300              0.00000000             0.00000000             0.00000000             1.0000000              0.00000000
      6.724000               0.00000000             0.00000000             0.00000000             0.00000000             1.000000
F    P
     22.6700000              0.0448780              0.0000000              0.00000000             0.00000000
      4.9770000              0.2357180              0.0000000              0.00000000             0.00000000
      1.3470000              0.5085210              0.0000000              0.00000000             0.00000000
      0.3471000              0.0000000E+00          1.0000000              0.00000000             0.00000000
      0.0850200              0.00000000             0.00000000             1.0000000              0.00000000
     16.80300                0.00000000             0.00000000             0.00000000             1.000000
F    D
      1.6400000              1.0000000              0.00000000
      0.4640000              0.00000000             1.0000000
#BASIS SET: (11s,6p,2d) -> [5s,4p,2d]
Ne    S
  17880.0000000              0.0007380             -0.0001720              0.0000000              0.00000000             0.00000000
   2683.0000000              0.0056770             -0.0013570              0.0000000              0.00000000             0.00000000
    611.5000000              0.0288830             -0.0067370              0.0000000              0.00000000             0.00000000
    173.5000000              0.1085400             -0.0276630              0.0000000              0.00000000             0.00000000
     56.6400000              0.2909070             -0.0762080              0.0000000              0.00000000             0.00000000
     20.4200000              0.4483240             -0.1752270              0.0000000              0.00000000             0.00000000
      7.8100000              0.2580260             -0.1070380              0.0000000              0.00000000             0.00000000
      1.6530000              0.0150630              0.5670500              0.0000000              0.00000000             0.00000000
      0.4869000              0.0000000E+00          0.0000000E+00          1.0000000              0.00000000             0.00000000
      0.1230000              0.00000000             0.00000000             0.00000000             1.0000000              0.00000000
      8.116000               0.00000000             0.00000000             0.00000000             0.00000000             1.000000
Ne    P
     28.3900000              0.0460870              0.0000000              0.00000000             0.00000000
      6.2700000              0.2401810              0.0000000              0.00000000             0.00000000
      1.6950000              0.5087440              0.0000000              0.00000000             0.00000000
      0.4317000              0.0000000E+00          1.0000000              0.00000000             0.00000000
      0.1064000              0.00000000             0.00000000             1.0000000              0.00000000
     20.65800                0.00000000             0.00000000             0.00000000             1.000000
Ne    D
      2.2020000              1.0000000              0.00000000
      0.6310000              0.00000000             1.0000000
#BASIS SET: (14s,10p,3d) -> [6s,5p,3d]
Al    S
  64150.0000000              0.290250E-03          -0.758048E-04           0.175078E-04           0.0000000              0.00000000             0.00000000
   9617.0000000              0.225064E-02          -0.581791E-03           0.134208E-03           0.0000000              0.00000000             0.00000000
   2189.0000000              0.116459E-01          -0.308113E-02           0.712442E-03           0.0000000              0.00000000             0.00000000
    620.5000000              0.467377E-01          -0.123112E-01           0.284330E-02           0.0000000              0.00000000             0.00000000
    202.7000000              0.146299E+00          -0.419781E-01           0.976842E-02           0.0000000              0.00000000             0.00000000
     73.1500000              0.330283E+00          -0.103371E+00           0.241850E-01           0.0000000              0.00000000             0.00000000
     28.5500000              0.415861E+00          -0.196308E+00           0.474993E-01           0.0000000              0.00000000             0.00000000
     11.7700000              0.189253E+00          -0.830002E-01           0.203621E-01           0.0000000              0.00000000             0.00000000
      3.3000000              0.115889E-01           0.541040E+00          -0.158788E+00           0.0000000              0.00000000             0.00000000
      1.1730000             -0.128385E-02           0.578796E+00          -0.311694E+00           0.0000000              0.00000000             0.00000000
      0.1752000              0.425883E-03           0.288147E-01           0.620147E+00           0.0000000              0.00000000             0.00000000
      0.0647300              0.0000000E+00          0.0000000E+00          0.0000000E+00          1.0000000              0.00000000             0.00000000
      0.0231000              0.00000000             0.00000000             0.00000000             0.00000000             1.0000000              0.00000000
      3.599000               0.00000000             0.00000000             0.00000000             0.00000000             0.00000000             1.000000
Al    P
    258.8000000              0.406847E-02          -0.748053E-03           0.0000000              0.00000000             0.00000000
     60.8900000              0.306815E-01          -0.545796E-02           0.0000000              0.00000000             0.00000000
     19.1400000              0.129149E+00          -0.245371E-01           0.0000000              0.00000000             0.00000000
      6.8810000              0.320831E+00          -0.582138E-01           0.0000000              0.00000000             0.00000000
      2.5740000              0.453815E+00          -0.983756E-01           0.0000000              0.00000000             0.00000000
      0.9572000              0.275066E+00          -0.260064E-01           0.0000000              0.00000000             0.00000000
      0.2099000              0.190807E-01           0.464020E+00           0.0000000              0.00000000             0.00000000
      0.0598600              0.0000000E+00          0.0000000E+00          1.0000000              0.00000000             0.00000000
      0.0153000              0.00000000             0.00000000             0.00000000             1.0000000              0.00000000
      0.928000               0.00000000             0.00000000             0.00000000             0.00000000             1.000000
Al    D
      0.1890000              1.0000000              0.00000000             0.00000000
      0.0535000              0.00000000             1.0000000              0.00000000
      1.792000               0.00000000             0.00000000             1.000000
#BASIS SET: (14s,10p,3d) -> [6s,5p,3d]
Si    S
  78860.0000000              0.270443E-03          -0.723177E-04           0.185113E-04           0.0000000              0.00000000             0.00000000
  11820.0000000              0.209717E-02          -0.555116E-03           0.142236E-03           0.0000000              0.00000000             0.00000000
   2692.0000000              0.108506E-01          -0.293805E-02           0.752185E-03           0.0000000              0.00000000             0.00000000
    763.4000000              0.436754E-01          -0.117687E-01           0.302279E-02           0.0000000              0.00000000             0.00000000
    249.6000000              0.137653E+00          -0.402907E-01           0.103677E-01           0.0000000              0.00000000             0.00000000
     90.2800000              0.316644E+00          -0.100609E+00           0.262563E-01           0.0000000              0.00000000             0.00000000
     35.2900000              0.418581E+00          -0.196528E+00           0.523989E-01           0.0000000              0.00000000             0.00000000
     14.5100000              0.210212E+00          -0.102382E+00           0.290959E-01           0.0000000              0.00000000             0.00000000
      4.0530000              0.144952E-01           0.527190E+00          -0.178003E+00           0.0000000              0.00000000             0.00000000
      1.4820000             -0.203590E-02           0.593251E+00          -0.346874E+00           0.0000000              0.00000000             0.00000000
      0.2517000              0.624186E-03           0.332652E-01           0.623020E+00           0.0000000              0.00000000             0.00000000
      0.0924300              0.0000000E+00          0.0000000E+00          0.0000000E+00          1.0000000              0.00000000             0.00000000
      0.0332000              0.00000000             0.00000000             0.00000000             0.00000000             1.0000000              0.00000000
      4.499000               0.00000000             0.00000000             0.00000000             0.00000000             0.00000000             1.000000
Si    P
    315.9000000              0.392656E-02          -0.858302E-03           0.0000000              0.00000000             0.00000000
     74.4200000              0.298811E-01          -0.630328E-02           0.0000000              0.00000000             0.00000000
     23.4800000              0.127212E+00          -0.288255E-01           0.0000000              0.00000000             0.00000000
      8.4880000              0.320943E+00          -0.694560E-01           0.0000000              0.00000000             0.00000000
      3.2170000              0.455429E+00          -0.119493E+00           0.0000000              0.00000000             0.00000000
      1.2290000              0.268563E+00          -0.199581E-01           0.0000000              0.00000000             0.00000000
      0.2964000              0.188336E-01           0.510268E+00           0.0000000              0.00000000             0.00000000
      0.0876800              0.0000000E+00          0.0000000E+00          1.0000000              0.00000000             0.00000000
      0.0250000              0.00000000             0.00000000             0.00000000             1.0000000              0.00000000
      1.388000               0.00000000             0.00000000             0.00000000             0.00000000             1.000000
Si    D
      0.2750000              1.0000000              0.00000000             0.00000000
      0.0823000              0.00000000             1.0000000              0.00000000
      2.277000               0.00000000             0.00000000             1.000000
#BASIS SET: (14s,10p,3d) -> [6s,5p,3d]
P    S
  94840.0000000              0.255509E-03          -0.696939E-04           0.191199E-04           0.0000000              0.00000000             0.00000000
  14220.0000000              0.198193E-02          -0.535266E-03           0.147223E-03           0.0000000              0.00000000             0.00000000
   3236.0000000              0.102760E-01          -0.283709E-02           0.777912E-03           0.0000000              0.00000000             0.00000000
    917.1000000              0.414823E-01          -0.113983E-01           0.314546E-02           0.0000000              0.00000000             0.00000000
    299.5000000              0.131984E+00          -0.392929E-01           0.108200E-01           0.0000000              0.00000000             0.00000000
    108.1000000              0.308662E+00          -0.996364E-01           0.279957E-01           0.0000000              0.00000000             0.00000000
     42.1800000              0.420647E+00          -0.197983E+00           0.563978E-01           0.0000000              0.00000000             0.00000000
     17.2800000              0.222878E+00          -0.114860E+00           0.358190E-01           0.0000000              0.00000000             0.00000000
      4.8580000              0.164035E-01           0.518595E+00          -0.193387E+00           0.0000000              0.00000000             0.00000000
      1.8180000             -0.254255E-02           0.601847E+00          -0.372097E+00           0.0000000              0.00000000             0.00000000
      0.3372000              0.748050E-03           0.368612E-01           0.624246E+00           0.0000000              0.00000000             0.00000000
      0.1232000              0.0000000E+00          0.0000000E+00          0.0000000E+00          1.0000000              0.00000000             0.00000000
      0.0417000              0.00000000             0.00000000             0.00000000             0.00000000             1.0000000              0.00000000
      5.474000               0.00000000             0.00000000             0.00000000             0.00000000             0.00000000             1.000000
P    P
    370.5000000              0.395005E-02          -0.959832E-03           0.0000000              0.00000000             0.00000000
     87.3300000              0.302492E-01          -0.711177E-02           0.0000000              0.00000000             0.00000000
     27.5900000              0.129554E+00          -0.327122E-01           0.0000000              0.00000000             0.00000000
     10.0000000              0.327594E+00          -0.795784E-01           0.0000000              0.00000000             0.00000000
      3.8250000              0.456992E+00          -0.135016E+00           0.0000000              0.00000000             0.00000000
      1.4940000              0.253086E+00          -0.910585E-02           0.0000000              0.00000000             0.00000000
      0.3921000              0.168798E-01           0.537802E+00           0.0000000              0.00000000             0.00000000
      0.1186000              0.0000000E+00          0.0000000E+00          1.0000000              0.00000000             0.00000000
      0.0343000              0.00000000             0.00000000             0.00000000             1.0000000              0.00000000
      1.939000               0.00000000             0.00000000             0.00000000             0.00000000             1.000000
P    D
      0.3730000              1.0000000              0.00000000             0.00000000
      0.1130000              0.00000000             1.0000000              0.00000000
      2.760000               0.00000000             0.00000000             1.000000
#BASIS SET: (14s,10p,3d) -> [6s,5p,3d]
S    S
 110800.0000000              0.247635E-03          -0.687039E-04           0.199077E-04           0.0000000              0.00000000             0.00000000
  16610.0000000              0.192026E-02          -0.527681E-03           0.153483E-03           0.0000000              0.00000000             0.00000000
   3781.0000000              0.996192E-02          -0.279671E-02           0.809503E-03           0.0000000              0.00000000             0.00000000
   1071.0000000              0.402975E-01          -0.112651E-01           0.328974E-02           0.0000000              0.00000000             0.00000000
    349.8000000              0.128604E+00          -0.388834E-01           0.112967E-01           0.0000000              0.00000000             0.00000000
    126.3000000              0.303480E+00          -0.995025E-01           0.296385E-01           0.0000000              0.00000000             0.00000000
     49.2600000              0.421432E+00          -0.199740E+00           0.599851E-01           0.0000000              0.00000000             0.00000000
     20.1600000              0.230781E+00          -0.123360E+00           0.413248E-01           0.0000000              0.00000000             0.00000000
      5.7200000              0.178971E-01           0.513194E+00          -0.207474E+00           0.0000000              0.00000000             0.00000000
      2.1820000             -0.297516E-02           0.607120E+00          -0.392889E+00           0.0000000              0.00000000             0.00000000
      0.4327000              0.849522E-03           0.396753E-01           0.632840E+00           0.0000000              0.00000000             0.00000000
      0.1570000              0.0000000E+00          0.0000000E+00          0.0000000E+00          1.0000000              0.00000000             0.00000000
      0.0507000              0.00000000             0.00000000             0.00000000             0.00000000             1.0000000              0.00000000
      6.501000               0.00000000             0.00000000             0.00000000             0.00000000             0.00000000             1.000000
S    P
    399.7000000              0.447541E-02          -0.116251E-02           0.0000000              0.00000000             0.00000000
     94.1900000              0.341708E-01          -0.865664E-02           0.0000000              0.00000000             0.00000000
     29.7500000              0.144250E+00          -0.390886E-01           0.0000000              0.00000000             0.00000000
     10.7700000              0.353928E+00          -0.934625E-01           0.0000000              0.00000000             0.00000000
      4.1190000              0.459085E+00          -0.147994E+00           0.0000000              0.00000000             0.00000000
      1.6250000              0.206383E+00           0.301904E-01           0.0000000              0.00000000             0.00000000
      0.4726000              0.102141E-01           0.561573E+00           0.0000000              0.00000000             0.00000000
      0.1407000              0.0000000E+00          0.0000000E+00          1.0000000              0.00000000             0.00000000
      0.0399000              0.00000000             0.00000000             0.00000000             1.0000000              0.00000000
      2.503000               0.00000000             0.00000000             0.00000000             0.00000000             1.000000
S    D
      0.4790000              1.0000000              0.00000000             0.00000000
      0.1520000              0.00000000             1.0000000              0.00000000
      3.211000               0.00000000             0.00000000             1.000000
#BASIS SET: (14s,10p,3d) -> [6s,5p,3d]
Cl    S
 127900.0000000              0.241153E-03          -0.678922E-04           0.204986E-04           0.0000000              0.00000000             0.00000000
  19170.0000000              0.187095E-02          -0.521836E-03           0.158298E-03           0.0000000              0.00000000             0.00000000
   4363.0000000              0.970827E-02          -0.276513E-02           0.833639E-03           0.0000000              0.00000000             0.00000000
   1236.0000000              0.393153E-01          -0.111537E-01           0.339880E-02           0.0000000              0.00000000             0.00000000
    403.6000000              0.125932E+00          -0.385919E-01           0.116738E-01           0.0000000              0.00000000             0.00000000
    145.7000000              0.299341E+00          -0.994848E-01           0.309622E-01           0.0000000              0.00000000             0.00000000
     56.8100000              0.421886E+00          -0.201392E+00           0.629533E-01           0.0000000              0.00000000             0.00000000
     23.2300000              0.237201E+00          -0.130313E+00           0.460257E-01           0.0000000              0.00000000             0.00000000
      6.6440000              0.191531E-01           0.509443E+00          -0.219312E+00           0.0000000              0.00000000             0.00000000
      2.5750000             -0.334792E-02           0.610725E+00          -0.408773E+00           0.0000000              0.00000000             0.00000000
      0.5371000              0.929883E-03           0.421549E-01           0.638465E+00           0.0000000              0.00000000             0.00000000
      0.1938000              0.0000000E+00          0.0000000E+00          0.0000000E+00          1.0000000              0.00000000             0.00000000
      0.0608000              0.00000000             0.00000000             0.00000000             0.00000000             1.0000000              0.00000000
      7.591000               0.00000000             0.00000000             0.00000000             0.00000000             0.00000000             1.000000
Cl    P
    417.6000000              0.525982E-02          -0.143570E-02           0.0000000              0.00000000             0.00000000
     98.3300000              0.398332E-01          -0.107796E-01           0.0000000              0.00000000             0.00000000
     31.0400000              0.164655E+00          -0.470075E-01           0.0000000              0.00000000             0.00000000
     11.1900000              0.387322E+00          -0.111030E+00           0.0000000              0.00000000             0.00000000
      4.2490000              0.457072E+00          -0.153275E+00           0.0000000              0.00000000             0.00000000
      1.6240000              0.151636E+00           0.894609E-01           0.0000000              0.00000000             0.00000000
      0.5322000              0.181615E-02           0.579444E+00           0.0000000              0.00000000             0.00000000
      0.1620000              0.0000000E+00          0.0000000E+00          1.0000000              0.00000000             0.00000000
      0.0466000              0.00000000             0.00000000             0.00000000             1.0000000              0.00000000
      3.092000               0.00000000             0.00000000             0.00000000             0.00000000             1.000000
Cl    D
      0.6000000              1.0000000              0.00000000             0.00000000
      0.1960000              0.00000000             1.0000000              0.00000000
      3.701000               0.00000000             0.00000000             1.000000
#BASIS SET: (14s,10p,3d) -> [6s,5p,3d]
Ar    S
 145700.0000000              0.236700E-03          -0.674910E-04           0.210457E-04           0.0000000              0.00000000             0.00000000
  21840.0000000              0.183523E-02          -0.518522E-03           0.162565E-03           0.0000000              0.00000000             0.00000000
   4972.0000000              0.952860E-02          -0.274825E-02           0.855463E-03           0.0000000              0.00000000             0.00000000
   1408.0000000              0.386283E-01          -0.111007E-01           0.349745E-02           0.0000000              0.00000000             0.00000000
    459.7000000              0.124081E+00          -0.384820E-01           0.120156E-01           0.0000000              0.00000000             0.00000000
    165.9000000              0.296471E+00          -0.997599E-01           0.321368E-01           0.0000000              0.00000000             0.00000000
     64.6900000              0.422068E+00          -0.203088E+00           0.655279E-01           0.0000000              0.00000000             0.00000000
     26.4400000              0.241711E+00          -0.135608E+00           0.499370E-01           0.0000000              0.00000000             0.00000000
      7.6280000              0.200509E-01           0.507195E+00          -0.229769E+00           0.0000000              0.00000000             0.00000000
      2.9960000             -0.361000E-02           0.612898E+00          -0.421006E+00           0.0000000              0.00000000             0.00000000
      0.6504000              0.975607E-03           0.442968E-01           0.642331E+00           0.0000000              0.00000000             0.00000000
      0.2337000              0.0000000E+00          0.0000000E+00          0.0000000E+00          1.0000000              0.00000000             0.00000000
      0.0709000              0.00000000             0.00000000             0.00000000             0.00000000             1.0000000              0.00000000
      8.742000               0.00000000             0.00000000             0.00000000             0.00000000             0.00000000             1.000000
Ar    P
    453.7000000              0.570555E-02          -0.160655E-02           0.0000000              0.00000000             0.00000000
    106.8000000              0.430460E-01          -0.121714E-01           0.0000000              0.00000000             0.00000000
     33.7300000              0.176591E+00          -0.520789E-01           0.0000000              0.00000000             0.00000000
     12.1300000              0.406863E+00          -0.123737E+00           0.0000000              0.00000000             0.00000000
      4.5940000              0.452549E+00          -0.151619E+00           0.0000000              0.00000000             0.00000000
      1.6780000              0.122801E+00           0.142425E+00           0.0000000              0.00000000             0.00000000
      0.5909000             -0.445996E-02           0.584501E+00           0.0000000              0.00000000             0.00000000
      0.1852000              0.0000000E+00          0.0000000E+00          1.0000000              0.00000000             0.00000000
      0.0533000              0.00000000             0.00000000             0.00000000             1.0000000              0.00000000
      3.711000               0.00000000             0.00000000             0.00000000             0.00000000             1.000000
Ar    D
      0.7380000              1.0000000              0.00000000             0.00000000
      0.2400000              0.00000000             1.0000000              0.00000000
      4.251000               0.00000000             0.00000000             1.000000
END
