#
# K.A. Peterson and C. Puzzarini, Theor. Chem. Acc. 114, 283 (2005)
# Pseudopotential parameters (rel) from D. Figgen, G. Rauhut, M. Dolg, and H. Stoll, Chem. Phys. 311, 227 (2005)
# These can be downloaded from: http://www.theochem.uni-stuttgart.de/pseudopotentials/index.en.html
# Note: the -PP basis sets should be used ONLY with the appropriate Stuttgart/Koeln pseudopotentials
# Note: the -PP-nr basis sets should be used with the Stuttgart/Koeln ECPxxMHF (xx=10, 28, 60) pseudopotentials
# Pseudopotential-based correlation consistent polarized weighted Core Valence Triple- Basis Set for Cu
#

#BASIS SET:
Cu s
1.550870E+04 1.400000E-05 -3.000000E-06 -6.000000E-06 -1.400000E-05 -2.400000E-05 0.000000E+00 0.000000E+00 0.000000E+00
2.328920E+03 1.050000E-04 -2.400000E-05 -6.000000E-05 -1.300000E-04 -9.500000E-05 0.000000E+00 0.000000E+00 0.000000E+00
5.237770E+02 4.380000E-04 -1.040000E-04 -1.490000E-04 -3.770000E-04 -9.700000E-04 0.000000E+00 0.000000E+00 0.000000E+00
1.003680E+02 4.637000E-03 -9.690000E-04 -3.986000E-03 -7.517000E-03 5.342000E-03 0.000000E+00 0.000000E+00 0.000000E+00
6.174060E+01 -2.546600E-02 5.373000E-03 1.781400E-02 3.418700E-02 -9.341000E-03 0.000000E+00 0.000000E+00 0.000000E+00
3.842480E+01 7.747300E-02 -1.705100E-02 -4.406200E-02 -9.238400E-02 -5.361900E-02 0.000000E+00 0.000000E+00 0.000000E+00
1.203490E+01 -3.020460E-01 7.356200E-02 1.967660E-01 4.943910E-01 6.275860E-01 0.000000E+00 0.000000E+00 0.000000E+00
7.518840E+00 -1.685450E-01 3.485900E-02 2.901000E-03 -3.625000E-02 8.670000E-04 0.000000E+00 0.000000E+00 0.000000E+00
3.027350E+00 4.480250E-01 -1.174500E-01 -2.193950E-01 -1.147806E+00 -3.450565E+00 0.000000E+00 0.000000E+00 0.000000E+00
1.538200E+00 5.945980E-01 -1.997820E-01 -7.208070E-01 -9.084610E-01 3.989974E+00 0.000000E+00 0.000000E+00 0.000000E+00
7.436790E-01 2.251610E-01 -1.628140E-01 3.835870E-01 2.422896E+00 -6.545310E-01 0.000000E+00 0.000000E+00 0.000000E+00
1.966230E-01 9.316000E-03 2.648850E-01 1.309336E+00 -6.174020E-01 -2.858257E+00 0.000000E+00 0.000000E+00 0.000000E+00
8.482700E-02 -1.032000E-03 5.869380E-01 -2.385300E-01 -1.314860E+00 4.079489E+00 0.000000E+00 0.000000E+00 0.000000E+00
3.616200E-02 1.487000E-03 3.031480E-01 -9.561120E-01 1.269415E+00 -2.038095E+00 1.000000E+00 0.000000E+00 0.000000E+00
5.091300E+00 0.000000E+00 0.000000E+00 0.000000E+00 0.000000E+00 0.000000E+00 0.000000E+00 1.000000E+00 0.000000E+00
3.191000E+00 0.000000E+00 0.000000E+00 0.000000E+00 0.000000E+00 0.000000E+00 0.000000E+00 0.000000E+00 1.000000E+00
Cu p
3.454490E+02 2.510000E-04 -5.400000E-05 -1.200000E-04 -2.850000E-04 -3.700000E-04 0.000000E+00 0.000000E+00 0.000000E+00
5.699300E+01 5.213000E-03 -1.076000E-03 -2.214000E-03 -4.899000E-03 -8.901000E-03 0.000000E+00 0.000000E+00 0.000000E+00
2.039950E+01 -5.301600E-02 1.155300E-02 2.536400E-02 6.723100E-02 1.565960E-01 0.000000E+00 0.000000E+00 0.000000E+00
1.275100E+01 -4.475700E-02 8.611000E-03 1.741200E-02 2.571200E-02 -5.396700E-02 0.000000E+00 0.000000E+00 0.000000E+00
5.034740E+00 2.464200E-01 -5.855400E-02 -1.413040E-01 -4.458290E-01 -1.089979E+00 0.000000E+00 0.000000E+00 0.000000E+00
2.566200E+00 4.318110E-01 -9.862800E-02 -2.114720E-01 -4.587550E-01 5.182000E-02 0.000000E+00 0.000000E+00 0.000000E+00
1.277520E+00 3.443720E-01 -1.000970E-01 -1.640210E-01 2.173590E-01 1.757077E+00 0.000000E+00 0.000000E+00 0.000000E+00
6.143370E-01 1.187810E-01 2.952100E-02 2.460890E-01 1.061608E+00 -9.875940E-01 0.000000E+00 0.000000E+00 0.000000E+00
2.311970E-01 9.234000E-03 3.346900E-01 6.390340E-01 -2.860870E-01 -7.893940E-01 0.000000E+00 0.000000E+00 0.000000E+00
9.111400E-02 -2.880000E-04 5.307450E-01 2.883200E-01 -6.112140E-01 9.725210E-01 0.000000E+00 0.000000E+00 0.000000E+00
3.569000E-02 1.980000E-04 2.569960E-01 7.501000E-03 6.130000E-03 -2.022100E-02 1.000000E+00 0.000000E+00 0.000000E+00
9.898000E+00 0.000000E+00 0.000000E+00 0.000000E+00 0.000000E+00 0.000000E+00 0.000000E+00 1.000000E+00 0.000000E+00
3.065300E+00 0.000000E+00 0.000000E+00 0.000000E+00 0.000000E+00 0.000000E+00 0.000000E+00 0.000000E+00 1.000000E+00
Cu d
4.058810E+02 2.490000E-04 -3.040000E-04 3.630000E-04 -5.760000E-04 0.000000E+00 0.000000E+00 0.000000E+00
1.230710E+02 2.618000E-03 -3.254000E-03 3.938000E-03 -5.611000E-03 0.000000E+00 0.000000E+00 0.000000E+00
4.921790E+01 1.700100E-02 -2.107300E-02 2.552700E-02 -3.989500E-02 0.000000E+00 0.000000E+00 0.000000E+00
2.261420E+01 5.548000E-02 -7.016700E-02 8.682800E-02 -1.306290E-01 0.000000E+00 0.000000E+00 0.000000E+00
1.080780E+01 1.345330E-01 -1.757260E-01 2.313590E-01 -4.204660E-01 0.000000E+00 0.000000E+00 0.000000E+00
5.325600E+00 2.313120E-01 -2.895470E-01 3.382510E-01 -2.755370E-01 0.000000E+00 0.000000E+00 0.000000E+00
2.621010E+00 2.915400E-01 -2.357140E-01 -4.865800E-02 8.754220E-01 0.000000E+00 0.000000E+00 0.000000E+00
1.262900E+00 2.863330E-01 7.417100E-02 -5.918370E-01 3.094680E-01 0.000000E+00 0.000000E+00 0.000000E+00
5.881370E-01 2.204760E-01 3.732830E-01 -2.888500E-01 -9.987810E-01 0.000000E+00 0.000000E+00 0.000000E+00
2.602140E-01 1.185730E-01 3.984690E-01 4.871680E-01 7.218100E-02 0.000000E+00 0.000000E+00 0.000000E+00
1.053380E-01 2.902000E-02 1.671650E-01 4.323940E-01 5.936020E-01 1.000000E+00 0.000000E+00 0.000000E+00
7.118500E+00 0.000000E+00 0.000000E+00 0.000000E+00 0.000000E+00 0.000000E+00 1.000000E+00 0.000000E+00
4.463200E+00 0.000000E+00 0.000000E+00 0.000000E+00 0.000000E+00 0.000000E+00 0.000000E+00 1.000000E+00
Cu f
1.161650E+01 1.000000E+00 0.000000E+00 0.000000E+00 0.000000E+00
4.960000E+00 0.000000E+00 1.000000E+00 0.000000E+00 0.000000E+00
2.117800E+00 0.000000E+00 0.000000E+00 1.000000E+00 0.000000E+00
7.442000E-01 0.000000E+00 0.000000E+00 0.000000E+00 1.000000E+00
Cu g
1.021890E+01 1.000000E+00 0.000000E+00 0.000000E+00
4.466200E+00 0.000000E+00 1.000000E+00 0.000000E+00
1.787100E+00 0.000000E+00 0.000000E+00 1.000000E+00
Cu h
8.933700E+00 1.000000E+00 0.000000E+00
3.767600E+00 0.000000E+00 1.000000E+00
#BASIS SET:
Ag s
8.123140E+03 1.500000E-05 -5.000000E-06 -9.000000E-06 -1.600000E-05 -2.600000E-05 0.000000E+00 0.000000E+00 0.000000E+00
1.213350E+03 1.100000E-04 -3.200000E-05 -7.500000E-05 -1.110000E-04 -1.440000E-04 0.000000E+00 0.000000E+00 0.000000E+00
2.683390E+02 4.200000E-04 -1.350000E-04 -2.150000E-04 -4.430000E-04 -8.240000E-04 0.000000E+00 0.000000E+00 0.000000E+00
3.779490E+01 1.318100E-02 -3.314000E-03 -9.878000E-03 -1.113800E-02 -8.301000E-03 0.000000E+00 0.000000E+00 0.000000E+00
2.355690E+01 -1.045750E-01 2.790500E-02 6.893000E-02 9.117500E-02 1.039930E-01 0.000000E+00 0.000000E+00 0.000000E+00
1.468870E+01 3.282440E-01 -9.290700E-02 -2.095320E-01 -3.069920E-01 -4.235890E-01 0.000000E+00 0.000000E+00 0.000000E+00
6.855010E+00 -5.360540E-01 1.697180E-01 4.003210E-01 5.628120E-01 8.799960E-01 0.000000E+00 0.000000E+00 0.000000E+00
4.150100E+00 -3.312650E-01 8.748800E-02 1.121400E-01 5.281440E-01 1.177179E+00 0.000000E+00 0.000000E+00 0.000000E+00
1.967080E+00 5.220930E-01 -1.802730E-01 -3.203310E-01 -1.664622E+00 -6.545494E+00 0.000000E+00 0.000000E+00 0.000000E+00
1.055580E+00 6.769540E-01 -2.987180E-01 -1.200944E+00 -1.298179E+00 6.975185E+00 0.000000E+00 0.000000E+00 0.000000E+00
5.356910E-01 2.298530E-01 -1.766820E-01 7.920340E-01 3.281119E+00 -1.669340E+00 0.000000E+00 0.000000E+00 0.000000E+00
1.714340E-01 9.998000E-03 2.949860E-01 1.325718E+00 -1.182120E+00 -2.947257E+00 0.000000E+00 0.000000E+00 0.000000E+00
7.512300E-02 4.000000E-06 6.098960E-01 -3.968510E-01 -1.268848E+00 4.180947E+00 0.000000E+00 0.000000E+00 0.000000E+00
3.271400E-02 1.249000E-03 2.873860E-01 -8.604900E-01 1.398189E+00 -2.057800E+00 1.000000E+00 0.000000E+00 0.000000E+00
2.561300E+00 0.000000E+00 0.000000E+00 0.000000E+00 0.000000E+00 0.000000E+00 0.000000E+00 1.000000E+00 0.000000E+00
1.603700E+00 0.000000E+00 0.000000E+00 0.000000E+00 0.000000E+00 0.000000E+00 0.000000E+00 0.000000E+00 1.000000E+00
Ag p
9.953390E+01 2.930000E-04 -4.600000E-05 -1.390000E-04 -3.560000E-04 -6.500000E-05 0.000000E+00 0.000000E+00 0.000000E+00
2.439260E+01 -8.643000E-03 1.465000E-03 3.975000E-03 9.412000E-03 -4.478000E-03 0.000000E+00 0.000000E+00 0.000000E+00
1.526910E+01 6.263100E-02 -1.436300E-02 -3.217800E-02 -6.448500E-02 8.344100E-02 0.000000E+00 0.000000E+00 0.000000E+00
7.389500E+00 -2.546790E-01 6.612600E-02 1.419020E-01 2.789050E-01 -4.753380E-01 0.000000E+00 0.000000E+00 0.000000E+00
2.189140E+00 4.153370E-01 -1.305340E-01 -3.013970E-01 -8.354180E-01 2.559272E+00 0.000000E+00 0.000000E+00 0.000000E+00
1.164130E+00 4.712950E-01 -1.506930E-01 -3.496070E-01 -4.395730E-01 -2.490494E+00 0.000000E+00 0.000000E+00 0.000000E+00
6.136600E-01 2.399810E-01 -8.880000E-02 7.887000E-03 1.147917E+00 -6.965260E-01 0.000000E+00 0.000000E+00 0.000000E+00
3.066080E-01 4.591300E-02 1.440160E-01 5.448030E-01 5.663380E-01 1.969918E+00 0.000000E+00 0.000000E+00 0.000000E+00
1.363460E-01 2.641000E-03 4.270630E-01 5.057240E-01 -8.183880E-01 -4.364670E-01 0.000000E+00 0.000000E+00 0.000000E+00
6.093700E-02 4.260000E-04 4.565880E-01 9.822700E-02 -3.034240E-01 -5.794010E-01 0.000000E+00 0.000000E+00 0.000000E+00
2.696800E-02 -3.600000E-05 1.478750E-01 5.190000E-03 -3.964000E-03 1.842200E-02 1.000000E+00 0.000000E+00 0.000000E+00
3.238900E+00 0.000000E+00 0.000000E+00 0.000000E+00 0.000000E+00 0.000000E+00 0.000000E+00 1.000000E+00 0.000000E+00
2.024700E+00 0.000000E+00 0.000000E+00 0.000000E+00 0.000000E+00 0.000000E+00 0.000000E+00 0.000000E+00 1.000000E+00
Ag d
9.428660E+01 2.750000E-04 -3.860000E-04 -4.640000E-04 -2.070000E-04 0.000000E+00 0.000000E+00 0.000000E+00
2.605040E+01 2.460000E-03 -3.049000E-03 -4.397000E-03 -1.126100E-02 0.000000E+00 0.000000E+00 0.000000E+00
8.533210E+00 -2.403200E-02 3.126500E-02 4.751300E-02 1.297190E-01 0.000000E+00 0.000000E+00 0.000000E+00
4.139300E+00 6.384300E-02 -9.295300E-02 -1.523550E-01 -6.288980E-01 0.000000E+00 0.000000E+00 0.000000E+00
2.367600E+00 2.247680E-01 -3.825950E-01 -7.265610E-01 -8.758070E-01 0.000000E+00 0.000000E+00 0.000000E+00
1.293430E+00 3.195440E-01 -3.670700E-01 8.585100E-02 1.884266E+00 0.000000E+00 0.000000E+00 0.000000E+00
6.854690E-01 3.060530E-01 1.100820E-01 9.312950E-01 -2.016960E-01 0.000000E+00 0.000000E+00 0.000000E+00
3.511500E-01 2.131570E-01 4.598890E-01 9.923900E-02 -1.247016E+00 0.000000E+00 0.000000E+00 0.000000E+00
1.722770E-01 9.573900E-02 3.715490E-01 -6.326340E-01 5.101280E-01 0.000000E+00 0.000000E+00 0.000000E+00
7.889500E-02 1.730800E-02 9.935900E-02 -2.791080E-01 4.504590E-01 1.000000E+00 0.000000E+00 0.000000E+00
5.088000E+00 0.000000E+00 0.000000E+00 0.000000E+00 0.000000E+00 0.000000E+00 1.000000E+00 0.000000E+00
2.055400E+00 0.000000E+00 0.000000E+00 0.000000E+00 0.000000E+00 0.000000E+00 0.000000E+00 1.000000E+00
Ag f
6.883500E+00 1.000000E+00 0.000000E+00 0.000000E+00 0.000000E+00
3.002200E+00 0.000000E+00 1.000000E+00 0.000000E+00 0.000000E+00
1.309400E+00 0.000000E+00 0.000000E+00 1.000000E+00 0.000000E+00
4.844000E-01 0.000000E+00 0.000000E+00 0.000000E+00 1.000000E+00
Ag g
3.886500E+00 1.000000E+00 0.000000E+00 0.000000E+00
2.044600E+00 0.000000E+00 1.000000E+00 0.000000E+00
9.067000E-01 0.000000E+00 0.000000E+00 1.000000E+00
Ag h
3.698600E+00 1.000000E+00 0.000000E+00
1.742300E+00 0.000000E+00 1.000000E+00
#BASIS SET:
Au s
1.403840E+03 9.000000E-06 -3.000000E-06 -6.000000E-06 -1.600000E-05 3.800000E-05 0.000000E+00 0.000000E+00 0.000000E+00
9.886550E+01 7.400000E-04 -2.870000E-04 -6.540000E-04 1.407000E-03 -1.585000E-02 0.000000E+00 0.000000E+00 0.000000E+00
6.161030E+01 -5.943000E-03 2.148000E-03 4.596000E-03 -6.325000E-03 8.642800E-02 0.000000E+00 0.000000E+00 0.000000E+00
3.846700E+01 3.844400E-02 -1.325800E-02 -2.691100E-02 -5.930000E-04 -2.655710E-01 0.000000E+00 0.000000E+00 0.000000E+00
2.402300E+01 -1.847220E-01 6.390000E-02 1.284200E-01 1.074110E-01 6.411340E-01 0.000000E+00 0.000000E+00 0.000000E+00
1.492510E+01 4.326540E-01 -1.539000E-01 -3.115220E-01 -3.455100E-01 -1.095147E+00 0.000000E+00 0.000000E+00 0.000000E+00
7.397950E+00 -3.385500E-01 1.370550E-01 2.723770E-01 2.038070E-01 1.158613E+00 0.000000E+00 0.000000E+00 0.000000E+00
4.621920E+00 -6.038720E-01 2.150480E-01 5.006430E-01 1.111297E+00 1.045789E+00 0.000000E+00 0.000000E+00 0.000000E+00
1.719610E+00 6.213980E-01 -2.974980E-01 -8.481520E-01 -3.199130E+00 -8.330135E+00 0.000000E+00 0.000000E+00 0.000000E+00
9.556040E-01 6.413890E-01 -3.719440E-01 -1.304741E+00 8.134510E-01 1.184698E+01 0.000000E+00 0.000000E+00 0.000000E+00
4.955840E-01 1.742400E-01 -1.326630E-01 1.462214E+00 3.181468E+00 -5.977621E+00 0.000000E+00 0.000000E+00 0.000000E+00
2.037700E-01 8.493000E-03 3.601880E-01 1.143878E+00 -2.454102E+00 -7.003390E-01 0.000000E+00 0.000000E+00 0.000000E+00
8.833200E-02 1.592000E-03 6.234710E-01 -7.584210E-01 -4.960330E-01 3.103334E+00 0.000000E+00 0.000000E+00 0.000000E+00
3.838000E-02 7.130000E-04 2.540440E-01 -5.634080E-01 1.226041E+00 -1.829348E+00 1.000000E+00 0.000000E+00 0.000000E+00
1.234000E+00 0.000000E+00 0.000000E+00 0.000000E+00 0.000000E+00 0.000000E+00 0.000000E+00 1.000000E+00 0.000000E+00
7.723000E-01 0.000000E+00 0.000000E+00 0.000000E+00 0.000000E+00 0.000000E+00 0.000000E+00 0.000000E+00 1.000000E+00
Au p
3.823840E+01 2.544000E-03 -3.580000E-04 -1.307000E-03 -4.557000E-03 1.060500E-02 0.000000E+00 0.000000E+00 0.000000E+00
2.389750E+01 -2.122000E-02 4.625000E-03 1.193000E-02 2.863100E-02 -2.054800E-02 0.000000E+00 0.000000E+00 0.000000E+00
1.494110E+01 7.453700E-02 -1.949000E-02 -4.485600E-02 -8.797700E-02 -4.801300E-02 0.000000E+00 0.000000E+00 0.000000E+00
6.097460E+00 -2.904710E-01 8.547300E-02 1.909790E-01 3.577880E-01 4.932400E-01 0.000000E+00 0.000000E+00 0.000000E+00
1.776450E+00 4.859980E-01 -1.760270E-01 -4.386610E-01 -1.237750E+00 -3.113512E+00 0.000000E+00 0.000000E+00 0.000000E+00
9.433330E-01 4.668230E-01 -1.709450E-01 -3.960480E-01 -7.006400E-02 4.146310E+00 0.000000E+00 0.000000E+00 0.000000E+00
5.075860E-01 1.905620E-01 -7.057800E-02 1.302710E-01 1.625653E+00 -8.180840E-01 0.000000E+00 0.000000E+00 0.000000E+00
2.788190E-01 3.682900E-02 1.781830E-01 6.604720E-01 -1.061240E-01 -1.788302E+00 0.000000E+00 0.000000E+00 0.000000E+00
1.265610E-01 5.026000E-03 4.375940E-01 4.090810E-01 -8.142740E-01 8.552750E-01 0.000000E+00 0.000000E+00 0.000000E+00
5.763000E-02 -2.420000E-04 4.357120E-01 3.060100E-02 -1.729260E-01 4.014420E-01 0.000000E+00 0.000000E+00 0.000000E+00
2.589400E-02 1.340000E-04 1.344980E-01 4.649000E-03 1.869000E-03 -2.179700E-02 1.000000E+00 0.000000E+00 0.000000E+00
2.693700E+00 0.000000E+00 0.000000E+00 0.000000E+00 0.000000E+00 0.000000E+00 0.000000E+00 1.000000E+00 0.000000E+00
1.685700E+00 0.000000E+00 0.000000E+00 0.000000E+00 0.000000E+00 0.000000E+00 0.000000E+00 0.000000E+00 1.000000E+00
Au d
6.381120E+01 8.000000E-05 -1.870000E-04 6.710000E-04 9.760000E-04 0.000000E+00 0.000000E+00 0.000000E+00
2.075820E+01 -7.480000E-04 1.880000E-03 -7.816000E-03 -1.119200E-02 0.000000E+00 0.000000E+00 0.000000E+00
1.291430E+01 9.517000E-03 -1.448300E-02 3.339400E-02 -8.000000E-06 0.000000E+00 0.000000E+00 0.000000E+00
6.355710E+00 -6.605400E-02 9.242100E-02 -1.592270E-01 2.043670E-01 0.000000E+00 0.000000E+00 0.000000E+00
2.070870E+00 1.946510E-01 -3.364040E-01 8.199200E-01 -2.094597E+00 0.000000E+00 0.000000E+00 0.000000E+00
1.137690E+00 3.284690E-01 -5.298960E-01 2.962380E-01 2.449643E+00 0.000000E+00 0.000000E+00 0.000000E+00
6.067780E-01 3.311780E-01 3.260500E-02 -1.209424E+00 -1.199040E-01 0.000000E+00 0.000000E+00 0.000000E+00
3.124420E-01 2.382780E-01 4.869650E-01 -9.758600E-02 -1.345808E+00 0.000000E+00 0.000000E+00 0.000000E+00
1.540440E-01 1.126730E-01 3.971970E-01 6.326270E-01 4.747170E-01 0.000000E+00 0.000000E+00 0.000000E+00
7.111900E-02 2.168600E-02 1.017900E-01 2.788380E-01 4.927670E-01 1.000000E+00 0.000000E+00 0.000000E+00
3.714900E+00 0.000000E+00 0.000000E+00 0.000000E+00 0.000000E+00 0.000000E+00 1.000000E+00 0.000000E+00
1.692000E+00 0.000000E+00 0.000000E+00 0.000000E+00 0.000000E+00 0.000000E+00 0.000000E+00 1.000000E+00
Au f
2.577400E+00 1.000000E+00 0.000000E+00 0.000000E+00 0.000000E+00
1.493500E+00 0.000000E+00 1.000000E+00 0.000000E+00 0.000000E+00
8.654000E-01 0.000000E+00 0.000000E+00 1.000000E+00 0.000000E+00
3.384000E-01 0.000000E+00 0.000000E+00 0.000000E+00 1.000000E+00
Au g
3.036800E+00 1.000000E+00 0.000000E+00 0.000000E+00
1.577500E+00 0.000000E+00 1.000000E+00 0.000000E+00
7.018000E-01 0.000000E+00 0.000000E+00 1.000000E+00
Au h
2.747700E+00 1.000000E+00 0.000000E+00
1.267200E+00 0.000000E+00 1.000000E+00
#BASIS SET:
Zn s
1.746420E+04 1.300000E-05 -3.000000E-06 8.000000E-06 1.600000E-05 -2.700000E-05 0.000000E+00 0.000000E+00 0.000000E+00
2.622680E+03 9.200000E-05 -2.100000E-05 8.700000E-05 1.060000E-04 -1.430000E-04 0.000000E+00 0.000000E+00 0.000000E+00
5.896620E+02 3.820000E-04 -9.000000E-05 1.720000E-04 5.050000E-04 -9.780000E-04 0.000000E+00 0.000000E+00 0.000000E+00
1.137680E+02 3.890000E-03 -8.520000E-04 6.014000E-03 2.917000E-03 8.450000E-04 0.000000E+00 0.000000E+00 0.000000E+00
6.886890E+01 -2.291100E-02 5.010000E-03 -2.720600E-02 -1.877600E-02 8.622000E-03 0.000000E+00 0.000000E+00 0.000000E+00
4.289030E+01 7.136400E-02 -1.607000E-02 6.610500E-02 7.500300E-02 -9.791100E-02 0.000000E+00 0.000000E+00 0.000000E+00
1.277980E+01 -3.143430E-01 7.848400E-02 -3.492550E-01 -5.583330E-01 1.282558E+00 0.000000E+00 0.000000E+00 0.000000E+00
7.992910E+00 -1.552930E-01 3.046700E-02 5.641700E-02 3.669000E-02 -9.139650E-01 0.000000E+00 0.000000E+00 0.000000E+00
3.291790E+00 4.513350E-01 -1.171530E-01 4.365590E-01 1.814769E+00 -4.308506E+00 0.000000E+00 0.000000E+00 0.000000E+00
1.668080E+00 6.018560E-01 -2.131310E-01 1.075711E+00 -1.713440E-01 7.480393E+00 0.000000E+00 0.000000E+00 0.000000E+00
8.030500E-01 2.188520E-01 -1.590390E-01 -1.107904E+00 -2.275890E+00 -4.494091E+00 0.000000E+00 0.000000E+00 0.000000E+00
2.094640E-01 6.673000E-03 3.127660E-01 -1.282600E+00 2.303921E+00 5.511480E-01 0.000000E+00 0.000000E+00 0.000000E+00
8.978900E-02 -2.110000E-03 5.929400E-01 1.061526E+00 -7.279820E-01 1.284483E+00 0.000000E+00 0.000000E+00 0.000000E+00
3.798000E-02 5.390000E-04 2.546080E-01 2.795180E-01 -5.320140E-01 -1.183036E+00 1.000000E+00 0.000000E+00 0.000000E+00
5.836100E+00 0.000000E+00 0.000000E+00 0.000000E+00 0.000000E+00 0.000000E+00 0.000000E+00 1.000000E+00 0.000000E+00
3.659600E+00 0.000000E+00 0.000000E+00 0.000000E+00 0.000000E+00 0.000000E+00 0.000000E+00 0.000000E+00 1.000000E+00
Zn p
3.989490E+02 2.080000E-04 -4.100000E-05 7.800000E-05 -1.770000E-04 1.900000E-05 0.000000E+00 0.000000E+00 0.000000E+00
6.373850E+01 5.402000E-03 -1.126000E-03 2.158000E-03 -6.651000E-03 1.657200E-02 0.000000E+00 0.000000E+00 0.000000E+00
2.954290E+01 -2.101400E-02 4.638000E-03 -9.374000E-03 3.421300E-02 -9.947700E-02 0.000000E+00 0.000000E+00 0.000000E+00
1.666260E+01 -7.139000E-02 1.387800E-02 -2.550100E-02 5.507100E-02 -7.750000E-03 0.000000E+00 0.000000E+00 0.000000E+00
5.252240E+00 2.685640E-01 -6.180200E-02 1.284190E-01 -4.829160E-01 1.119899E+00 0.000000E+00 0.000000E+00 0.000000E+00
2.663970E+00 4.380750E-01 -9.610500E-02 1.798850E-01 -4.147730E-01 -1.615330E-01 0.000000E+00 0.000000E+00 0.000000E+00
1.322830E+00 3.294410E-01 -9.396600E-02 1.488770E-01 2.333400E-01 -1.673527E+00 0.000000E+00 0.000000E+00 0.000000E+00
6.335320E-01 1.006310E-01 3.858900E-02 -1.938270E-01 1.053240E+00 9.920100E-01 0.000000E+00 0.000000E+00 0.000000E+00
2.384830E-01 6.405000E-03 3.379910E-01 -6.513930E-01 -2.793310E-01 7.738290E-01 0.000000E+00 0.000000E+00 0.000000E+00
9.357500E-02 3.700000E-05 5.263300E-01 -3.142910E-01 -5.819880E-01 -9.846080E-01 0.000000E+00 0.000000E+00 0.000000E+00
3.652200E-02 8.500000E-05 2.544950E-01 -5.308000E-03 1.041400E-02 3.500200E-02 1.000000E+00 0.000000E+00 0.000000E+00
1.064130E+01 0.000000E+00 0.000000E+00 0.000000E+00 0.000000E+00 0.000000E+00 0.000000E+00 1.000000E+00 0.000000E+00
3.289500E+00 0.000000E+00 0.000000E+00 0.000000E+00 0.000000E+00 0.000000E+00 0.000000E+00 0.000000E+00 1.000000E+00
Zn d
5.036810E+02 2.000000E-04 2.750000E-04 3.080000E-04 -4.440000E-04 0.000000E+00 0.000000E+00 0.000000E+00
1.527880E+02 2.097000E-03 2.931000E-03 3.329000E-03 -4.081000E-03 0.000000E+00 0.000000E+00 0.000000E+00
6.074110E+01 1.404500E-02 1.967800E-02 2.238000E-02 -3.131000E-02 0.000000E+00 0.000000E+00 0.000000E+00
2.822150E+01 4.816100E-02 6.846600E-02 7.929600E-02 -1.021230E-01 0.000000E+00 0.000000E+00 0.000000E+00
1.355580E+01 1.194910E-01 1.773160E-01 2.228230E-01 -3.553010E-01 0.000000E+00 0.000000E+00 0.000000E+00
6.736610E+00 2.158360E-01 3.130830E-01 3.649620E-01 -3.428580E-01 0.000000E+00 0.000000E+00 0.000000E+00
3.363040E+00 2.856100E-01 2.740060E-01 -7.719800E-02 7.548930E-01 0.000000E+00 0.000000E+00 0.000000E+00
1.650880E+00 2.921570E-01 -8.230400E-02 -6.258610E-01 4.861180E-01 0.000000E+00 0.000000E+00 0.000000E+00
7.868990E-01 2.327360E-01 -4.072950E-01 -2.423250E-01 -1.033354E+00 0.000000E+00 0.000000E+00 0.000000E+00
3.583250E-01 1.283070E-01 -3.689800E-01 5.207460E-01 -6.943800E-02 0.000000E+00 0.000000E+00 0.000000E+00
1.501310E-01 3.251800E-02 -1.215050E-01 4.182080E-01 7.579200E-01 1.000000E+00 0.000000E+00 0.000000E+00
8.140300E+00 0.000000E+00 0.000000E+00 0.000000E+00 0.000000E+00 0.000000E+00 1.000000E+00 0.000000E+00
5.108000E+00 0.000000E+00 0.000000E+00 0.000000E+00 0.000000E+00 0.000000E+00 0.000000E+00 1.000000E+00
Zn f
1.305350E+01 1.000000E+00 0.000000E+00 0.000000E+00 0.000000E+00
5.602900E+00 0.000000E+00 1.000000E+00 0.000000E+00 0.000000E+00
2.404900E+00 0.000000E+00 0.000000E+00 1.000000E+00 0.000000E+00
8.590000E-01 0.000000E+00 0.000000E+00 0.000000E+00 1.000000E+00
Zn g
1.156510E+01 1.000000E+00 0.000000E+00 0.000000E+00
5.094200E+00 0.000000E+00 1.000000E+00 0.000000E+00
2.081800E+00 0.000000E+00 0.000000E+00 1.000000E+00
Zn h
1.007270E+01 1.000000E+00 0.000000E+00
4.384600E+00 0.000000E+00 1.000000E+00
#BASIS SET:
Cd s
8.793000E+03 1.800000E-05 -6.000000E-06 1.400000E-05 2.200000E-05 -2.500000E-05 0.000000E+00 0.000000E+00 0.000000E+00
1.304350E+03 1.320000E-04 -3.900000E-05 1.180000E-04 1.240000E-04 -5.180000E-04 0.000000E+00 0.000000E+00 0.000000E+00
2.869300E+02 5.050000E-04 -1.620000E-04 3.700000E-04 7.350000E-04 1.440000E-04 0.000000E+00 0.000000E+00 0.000000E+00
4.094580E+01 1.350200E-02 -3.500000E-03 1.297800E-02 4.908000E-03 -1.004100E-01 0.000000E+00 0.000000E+00 0.000000E+00
2.543420E+01 -1.022910E-01 2.773100E-02 -8.809300E-02 -6.719100E-02 5.137630E-01 0.000000E+00 0.000000E+00 0.000000E+00
1.582640E+01 3.144790E-01 -9.006900E-02 2.653300E-01 2.753480E-01 -1.242987E+00 0.000000E+00 0.000000E+00 0.000000E+00
7.091530E+00 -5.633230E-01 1.821160E-01 -5.610540E-01 -5.469830E-01 3.411276E+00 0.000000E+00 0.000000E+00 0.000000E+00
4.413550E+00 -2.766280E-01 6.779000E-02 -1.382420E-01 -7.971070E-01 -2.188373E+00 0.000000E+00 0.000000E+00 0.000000E+00
1.977850E+00 5.888700E-01 -2.051570E-01 7.673490E-01 3.333981E+00 -6.197400E+00 0.000000E+00 0.000000E+00 0.000000E+00
1.059590E+00 6.409640E-01 -3.064560E-01 1.372641E+00 -1.132230E+00 1.142500E+01 0.000000E+00 0.000000E+00 0.000000E+00
5.428770E-01 1.862320E-01 -1.475430E-01 -1.600673E+00 -2.676478E+00 -7.572262E+00 0.000000E+00 0.000000E+00 0.000000E+00
1.790010E-01 5.878000E-03 3.470450E-01 -1.088797E+00 3.027626E+00 2.044804E+00 0.000000E+00 0.000000E+00 0.000000E+00
7.758000E-02 -1.109000E-03 6.136400E-01 1.011963E+00 -9.754520E-01 4.634670E-01 0.000000E+00 0.000000E+00 0.000000E+00
3.363200E-02 2.590000E-04 2.377100E-01 2.952320E-01 -5.270070E-01 -8.954360E-01 1.000000E+00 0.000000E+00 0.000000E+00
2.882300E+00 0.000000E+00 0.000000E+00 0.000000E+00 0.000000E+00 0.000000E+00 0.000000E+00 1.000000E+00 0.000000E+00
1.803300E+00 0.000000E+00 0.000000E+00 0.000000E+00 0.000000E+00 0.000000E+00 0.000000E+00 0.000000E+00 1.000000E+00
Cd p
1.201895E+02 2.880000E-04 -4.600000E-05 -1.300000E-04 -3.210000E-04 -3.640000E-04 0.000000E+00 0.000000E+00 0.000000E+00
2.795300E+01 -6.050000E-03 8.440000E-04 2.544000E-03 6.680000E-03 5.248000E-03 0.000000E+00 0.000000E+00 0.000000E+00
1.750120E+01 4.531300E-02 -9.817000E-03 -2.127100E-02 -4.653400E-02 4.172900E-02 0.000000E+00 0.000000E+00 0.000000E+00
7.821600E+00 -2.309620E-01 5.828900E-02 1.174690E-01 2.512720E-01 -4.067060E-01 0.000000E+00 0.000000E+00 0.000000E+00
2.323150E+00 4.229230E-01 -1.301770E-01 -2.756440E-01 -8.207010E-01 2.445188E+00 0.000000E+00 0.000000E+00 0.000000E+00
1.231090E+00 4.720020E-01 -1.415740E-01 -3.062620E-01 -4.365830E-01 -2.336214E+00 0.000000E+00 0.000000E+00 0.000000E+00
6.486230E-01 2.302990E-01 -8.571700E-02 -3.231900E-02 1.088399E+00 -8.066910E-01 0.000000E+00 0.000000E+00 0.000000E+00
3.251940E-01 4.142300E-02 1.398650E-01 5.011630E-01 6.322200E-01 1.978212E+00 0.000000E+00 0.000000E+00 0.000000E+00
1.425240E-01 2.444000E-03 4.210830E-01 5.490480E-01 -8.039930E-01 -3.944950E-01 0.000000E+00 0.000000E+00 0.000000E+00
6.308800E-02 3.630000E-04 4.603340E-01 1.145660E-01 -3.005600E-01 -5.958600E-01 0.000000E+00 0.000000E+00 0.000000E+00
2.768000E-02 -2.200000E-05 1.545780E-01 5.073000E-03 -1.692000E-03 2.769800E-02 1.000000E+00 0.000000E+00 0.000000E+00
3.616100E+00 0.000000E+00 0.000000E+00 0.000000E+00 0.000000E+00 0.000000E+00 0.000000E+00 1.000000E+00 0.000000E+00
2.079100E+00 0.000000E+00 0.000000E+00 0.000000E+00 0.000000E+00 0.000000E+00 0.000000E+00 0.000000E+00 1.000000E+00
Cd d
1.053300E+02 2.970000E-04 -4.580000E-04 -4.410000E-04 1.290000E-04 0.000000E+00 0.000000E+00 0.000000E+00
2.930900E+01 2.598000E-03 -3.573000E-03 -4.914000E-03 1.206600E-02 0.000000E+00 0.000000E+00 0.000000E+00
9.532390E+00 -2.219200E-02 3.190500E-02 4.690100E-02 -1.289060E-01 0.000000E+00 0.000000E+00 0.000000E+00
4.779610E+00 5.926600E-02 -9.557700E-02 -1.432230E-01 5.781290E-01 0.000000E+00 0.000000E+00 0.000000E+00
2.661330E+00 2.292930E-01 -4.517700E-01 -7.734170E-01 9.086400E-01 0.000000E+00 0.000000E+00 0.000000E+00
1.445740E+00 3.280280E-01 -3.712080E-01 2.242430E-01 -1.936221E+00 0.000000E+00 0.000000E+00 0.000000E+00
7.683300E-01 3.078190E-01 2.107970E-01 9.456240E-01 2.848470E-01 0.000000E+00 0.000000E+00 0.000000E+00
3.985390E-01 2.047850E-01 4.842170E-01 -3.433900E-02 1.300594E+00 0.000000E+00 0.000000E+00 0.000000E+00
1.999000E-01 8.552700E-02 3.019970E-01 -6.751870E-01 -6.077290E-01 0.000000E+00 0.000000E+00 0.000000E+00
9.426800E-02 1.411200E-02 5.891500E-02 -2.304630E-01 -4.564420E-01 1.000000E+00 0.000000E+00 0.000000E+00
5.584000E+00 0.000000E+00 0.000000E+00 0.000000E+00 0.000000E+00 0.000000E+00 1.000000E+00 0.000000E+00
2.252000E+00 0.000000E+00 0.000000E+00 0.000000E+00 0.000000E+00 0.000000E+00 0.000000E+00 1.000000E+00
Cd f
7.701900E+00 1.000000E+00 0.000000E+00 0.000000E+00 0.000000E+00
3.367200E+00 0.000000E+00 1.000000E+00 0.000000E+00 0.000000E+00
1.472100E+00 0.000000E+00 0.000000E+00 1.000000E+00 0.000000E+00
5.523000E-01 0.000000E+00 0.000000E+00 0.000000E+00 1.000000E+00
Cd g
4.309500E+00 1.000000E+00 0.000000E+00 0.000000E+00
2.291600E+00 0.000000E+00 1.000000E+00 0.000000E+00
1.037100E+00 0.000000E+00 0.000000E+00 1.000000E+00
Cd h
4.089200E+00 1.000000E+00 0.000000E+00
1.978300E+00 0.000000E+00 1.000000E+00
#BASIS SET:
Hg s
8.630810E+03 9.000000E-06 4.000000E-06 8.000000E-06 1.300000E-05 9.000000E-06 0.000000E+00 0.000000E+00 0.000000E+00
1.283260E+03 6.600000E-05 2.500000E-05 5.500000E-05 6.500000E-05 -5.590000E-04 0.000000E+00 0.000000E+00 0.000000E+00
2.833070E+02 2.510000E-04 9.700000E-05 2.390000E-04 4.170000E-04 1.700000E-03 0.000000E+00 0.000000E+00 0.000000E+00
3.466350E+01 1.491900E-02 5.152000E-03 1.019000E-02 7.078000E-03 -2.081090E-01 0.000000E+00 0.000000E+00 0.000000E+00
2.156380E+01 -1.362110E-01 -4.842700E-02 -1.020190E-01 -1.058240E-01 1.120116E+00 0.000000E+00 0.000000E+00 0.000000E+00
1.340910E+01 4.613660E-01 1.726080E-01 3.774670E-01 4.418890E-01 -2.963979E+00 0.000000E+00 0.000000E+00 0.000000E+00
7.820270E+00 -3.696460E-01 -1.646160E-01 -3.523890E-01 -2.909040E-01 4.546385E+00 0.000000E+00 0.000000E+00 0.000000E+00
4.885340E+00 -6.293820E-01 -2.168790E-01 -5.798870E-01 -1.290693E+00 -1.796567E+00 0.000000E+00 0.000000E+00 0.000000E+00
1.767140E+00 6.764100E-01 3.333150E-01 1.228651E+00 4.531125E+00 -7.529717E+00 0.000000E+00 0.000000E+00 0.000000E+00
9.649210E-01 6.278350E-01 3.795260E-01 1.101079E+00 -3.142613E+00 1.433234E+01 0.000000E+00 0.000000E+00 0.000000E+00
4.918620E-01 1.403450E-01 9.698400E-02 -1.851123E+00 -2.186445E+00 -1.147448E+01 0.000000E+00 0.000000E+00 0.000000E+00
2.114770E-01 4.301000E-03 -3.986080E-01 -8.243020E-01 3.503080E+00 4.747996E+00 0.000000E+00 0.000000E+00 0.000000E+00
9.138100E-02 2.370000E-04 -6.167610E-01 9.526400E-01 -9.786360E-01 -3.556550E-01 0.000000E+00 0.000000E+00 0.000000E+00
3.966100E-02 -3.500000E-05 -2.234630E-01 3.295130E-01 -5.691660E-01 -7.354960E-01 1.000000E+00 0.000000E+00 0.000000E+00
1.357000E+00 0.000000E+00 0.000000E+00 0.000000E+00 0.000000E+00 0.000000E+00 0.000000E+00 1.000000E+00 0.000000E+00
8.492000E-01 0.000000E+00 0.000000E+00 0.000000E+00 0.000000E+00 0.000000E+00 0.000000E+00 0.000000E+00 1.000000E+00
Hg p
3.829380E+01 2.641000E-03 -2.970000E-04 -1.162000E-03 -4.593000E-03 -7.532000E-03 0.000000E+00 0.000000E+00 0.000000E+00
2.392710E+01 -2.128500E-02 4.167000E-03 1.085900E-02 2.829900E-02 1.040100E-02 0.000000E+00 0.000000E+00 0.000000E+00
1.495550E+01 7.788200E-02 -1.926700E-02 -4.409700E-02 -9.049900E-02 6.573900E-02 0.000000E+00 0.000000E+00 0.000000E+00
6.315360E+00 -2.996290E-01 8.492300E-02 1.881240E-01 3.639660E-01 -5.283100E-01 0.000000E+00 0.000000E+00 0.000000E+00
1.897750E+00 4.796160E-01 -1.685650E-01 -4.085970E-01 -1.177746E+00 3.137405E+00 0.000000E+00 0.000000E+00 0.000000E+00
1.021490E+00 4.704650E-01 -1.618750E-01 -3.911550E-01 -2.063620E-01 -3.914224E+00 0.000000E+00 0.000000E+00 0.000000E+00
5.518790E-01 1.985100E-01 -7.447700E-02 9.077500E-02 1.616099E+00 4.368260E-01 0.000000E+00 0.000000E+00 0.000000E+00
2.926970E-01 3.708400E-02 1.721280E-01 6.711120E-01 2.243000E-03 1.981600E+00 0.000000E+00 0.000000E+00 0.000000E+00
1.304920E-01 3.868000E-03 4.338950E-01 4.206810E-01 -8.518630E-01 -9.444140E-01 0.000000E+00 0.000000E+00 0.000000E+00
5.861300E-02 -9.000000E-06 4.398990E-01 3.153700E-02 -1.487560E-01 -3.385740E-01 0.000000E+00 0.000000E+00 0.000000E+00
2.609700E-02 6.200000E-05 1.393980E-01 4.527000E-03 -1.082000E-03 1.386500E-02 1.000000E+00 0.000000E+00 0.000000E+00
2.845600E+00 0.000000E+00 0.000000E+00 0.000000E+00 0.000000E+00 0.000000E+00 0.000000E+00 1.000000E+00 0.000000E+00
1.780700E+00 0.000000E+00 0.000000E+00 0.000000E+00 0.000000E+00 0.000000E+00 0.000000E+00 0.000000E+00 1.000000E+00
Hg d
7.014900E+01 8.700000E-05 -2.170000E-04 -7.190000E-04 -2.396000E-03 0.000000E+00 0.000000E+00 0.000000E+00
2.169550E+01 -6.170000E-04 2.004000E-03 8.866000E-03 3.143700E-02 0.000000E+00 0.000000E+00 0.000000E+00
1.349860E+01 9.588000E-03 -1.616500E-02 -3.844300E-02 -4.516800E-02 0.000000E+00 0.000000E+00 0.000000E+00
6.704780E+00 -6.727100E-02 1.027230E-01 1.785180E-01 -1.681110E-01 0.000000E+00 0.000000E+00 0.000000E+00
2.192000E+00 2.029970E-01 -4.032390E-01 -9.959520E-01 2.467465E+00 0.000000E+00 0.000000E+00 0.000000E+00
1.217150E+00 3.331230E-01 -5.523160E-01 -9.971700E-02 -3.515556E+00 0.000000E+00 0.000000E+00 0.000000E+00
6.609710E-01 3.268120E-01 1.242760E-01 1.372597E+00 1.202115E+00 0.000000E+00 0.000000E+00 0.000000E+00
3.488820E-01 2.283160E-01 5.170710E-01 -1.544020E-01 1.053506E+00 0.000000E+00 0.000000E+00 0.000000E+00
1.770630E-01 1.044170E-01 3.493250E-01 -6.751060E-01 -7.529190E-01 0.000000E+00 0.000000E+00 0.000000E+00
8.425800E-02 1.953100E-02 6.605300E-02 -1.668330E-01 -2.875250E-01 1.000000E+00 0.000000E+00 0.000000E+00
3.977000E+00 0.000000E+00 0.000000E+00 0.000000E+00 0.000000E+00 0.000000E+00 1.000000E+00 0.000000E+00
1.898500E+00 0.000000E+00 0.000000E+00 0.000000E+00 0.000000E+00 0.000000E+00 0.000000E+00 1.000000E+00
Hg f
2.770900E+00 1.000000E+00 0.000000E+00 0.000000E+00 0.000000E+00
1.642900E+00 0.000000E+00 1.000000E+00 0.000000E+00 0.000000E+00
9.741000E-01 0.000000E+00 0.000000E+00 1.000000E+00 0.000000E+00
3.804000E-01 0.000000E+00 0.000000E+00 0.000000E+00 1.000000E+00
Hg g
3.269800E+00 1.000000E+00 0.000000E+00 0.000000E+00
1.721900E+00 0.000000E+00 1.000000E+00 0.000000E+00
7.880000E-01 0.000000E+00 0.000000E+00 1.000000E+00
Hg h
2.940000E+00 1.000000E+00 0.000000E+00
1.386700E+00 0.000000E+00 1.000000E+00
END
