#
# K.A. Peterson and C. Puzzarini, Theor. Chem. Acc. 114, 283 (2005)
# Pseudopotential parameters (rel) from D. Figgen, G. Rauhut, M. Dolg, and H. Stoll, Chem. Phys. 311, 227 (2005)
# These can be downloaded from: http://www.theochem.uni-stuttgart.de/pseudopotentials/index.en.html
# Note: the -PP basis sets should be used ONLY with the appropriate Stuttgart/Koeln pseudopotentials
# Note: the -PP-nr basis sets should be used with the Stuttgart/Koeln ECPxxMHF (xx=10, 28, 60) pseudopotentials
# Pseudopotential-based correlation consistent polarized weighted Core Valence Triple- Basis Set for Cu
#

#BASIS SET:
Cu s
5.600880E+02 6.470000E-04 -1.350000E-04 -3.240000E-04 0.000000E+00
5.664860E+01 -1.479500E-02 2.443000E-03 7.664000E-03 0.000000E+00
3.542580E+01 7.546800E-02 -1.507600E-02 -3.561100E-02 0.000000E+00
1.105460E+01 -4.195530E-01 9.543200E-02 2.087640E-01 0.000000E+00
2.306820E+00 7.205440E-01 -1.986730E-01 -6.861920E-01 0.000000E+00
9.514290E-01 4.876250E-01 -2.463320E-01 1.124780E-01 0.000000E+00
1.451840E-01 1.506500E-02 4.824710E-01 1.754412E+00 0.000000E+00
5.032500E-02 -2.027000E-03 6.460630E-01 -1.611424E+00 1.000000E+00
Cu p
7.097390E+01 3.764000E-03 -6.510000E-04 -9.530000E-04 0.000000E+00
1.785100E+01 -8.181500E-02 1.653400E-02 2.983700E-02 0.000000E+00
4.246790E+00 3.591650E-01 -8.098600E-02 -1.604840E-01 0.000000E+00
1.877600E+00 5.166350E-01 -1.418110E-01 -2.725790E-01 0.000000E+00
7.933350E-01 2.451510E-01 -9.374000E-03 1.373320E-01 0.000000E+00
1.934757E-01 1.803000E-02 5.106280E-01 8.234870E-01 0.000000E+00
5.739300E-02 -3.121000E-03 6.022320E-01 1.871110E-01 1.000000E+00
Cu d
6.038040E+01 1.769000E-02 -2.242600E-02 0.000000E+00
1.911210E+01 1.014210E-01 -1.311470E-01 0.000000E+00
6.952880E+00 2.741010E-01 -3.663250E-01 0.000000E+00
2.609940E+00 4.075410E-01 -3.185640E-01 0.000000E+00
9.225670E-01 3.796630E-01 3.385660E-01 0.000000E+00
2.836420E-01 1.949910E-01 6.490360E-01 1.000000E+00
Cu f
2.748200E+00 1.000000E+00
#BASIS SET:
Ag s
1.800750E+02 1.363000E-03 -3.220000E-04 -1.037000E-03 0.000000E+00
2.189870E+01 -8.602900E-02 2.049700E-02 5.932400E-02 0.000000E+00
1.386700E+01 3.320380E-01 -8.531500E-02 -2.132500E-01 0.000000E+00
6.142630E+00 -7.460190E-01 2.110300E-01 4.888010E-01 0.000000E+00
1.438140E+00 7.560930E-01 -2.759290E-01 -1.022786E+00 0.000000E+00
6.483820E-01 5.464630E-01 -3.110090E-01 1.992860E-01 0.000000E+00
1.288820E-01 6.116000E-03 4.597210E-01 1.857561E+00 0.000000E+00
4.573800E-02 3.316000E-03 7.034360E-01 -1.638237E+00 1.000000E+00
Ag p
1.187510E+01 1.052760E-01 -2.574900E-02 -4.586800E-02 0.000000E+00
8.002450E+00 -2.846170E-01 7.318500E-02 1.303730E-01 0.000000E+00
2.017660E+00 4.808080E-01 -1.485130E-01 -2.789200E-01 0.000000E+00
9.542300E-01 5.256810E-01 -1.930770E-01 -3.558220E-01 0.000000E+00
4.231180E-01 1.462460E-01 5.362600E-02 3.438350E-01 0.000000E+00
1.358850E-01 7.387000E-03 5.797420E-01 7.715090E-01 0.000000E+00
4.540100E-02 -5.630000E-04 5.069510E-01 1.141970E-01 1.000000E+00
Ag d
2.643200E+01 3.573000E-03 -4.855000E-03 0.000000E+00
1.103450E+01 -1.592000E-02 2.190800E-02 0.000000E+00
2.737870E+00 2.596230E-01 -4.445910E-01 0.000000E+00
1.195750E+00 4.563770E-01 -4.319570E-01 0.000000E+00
4.820420E-01 3.708770E-01 5.108340E-01 0.000000E+00
1.729080E-01 1.357640E-01 5.589730E-01 1.000000E+00
Ag f
1.329900E+00 1.000000E+00
#BASIS SET:
Au s
3.800080E+01 1.027510E-01 -2.839600E-02 -7.601800E-02 0.000000E+00
2.397250E+01 -4.442070E-01 1.250470E-01 3.226030E-01 0.000000E+00
1.521820E+01 6.701210E-01 -1.931580E-01 -4.815540E-01 0.000000E+00
5.539990E+00 -8.504910E-01 2.638380E-01 6.546690E-01 0.000000E+00
1.385510E+00 4.735340E-01 -1.853770E-01 -9.254220E-01 0.000000E+00
6.424610E-01 8.389170E-01 -4.671620E-01 -2.887640E-01 0.000000E+00
1.564960E-01 -2.563700E-02 2.883890E-01 2.208536E+00 0.000000E+00
5.491000E-02 1.916000E-02 8.893870E-01 -1.655696E+00 1.000000E+00
Au p
1.030920E+01 1.474270E-01 -4.114000E-02 -7.699500E-02 0.000000E+00
6.627650E+00 -3.647100E-01 1.049340E-01 1.970470E-01 0.000000E+00
1.674470E+00 4.345360E-01 -1.523290E-01 -3.189170E-01 0.000000E+00
8.011160E-01 6.153290E-01 -2.408870E-01 -4.293950E-01 0.000000E+00
3.468790E-01 1.008860E-01 8.230200E-02 4.720080E-01 0.000000E+00
1.227010E-01 1.696400E-02 5.876320E-01 7.137770E-01 0.000000E+00
4.242800E-02 -3.859000E-03 4.872400E-01 8.212900E-02 1.000000E+00
Au d
1.100270E+01 2.020300E-02 -2.789300E-02 0.000000E+00
6.891660E+00 -7.637200E-02 1.050800E-01 0.000000E+00
1.808080E+00 3.087250E-01 -5.626390E-01 0.000000E+00
8.210510E-01 4.729240E-01 -3.587720E-01 0.000000E+00
3.441610E-01 3.299930E-01 6.437450E-01 0.000000E+00
1.297430E-01 9.761200E-02 4.485450E-01 1.000000E+00
Au f
8.919000E-01 1.000000E+00
END
