#
# K.A. Peterson and C. Puzzarini, Theor. Chem. Acc. 114, 283 (2005)
# Pseudopotential parameters (rel) from D. Figgen, G. Rauhut, M. Dolg, and H. Stoll, Chem. Phys. 311, 227 (2005)
# These can be downloaded from: http://www.theochem.uni-stuttgart.de/pseudopotentials/index.en.html
# Note: the -PP basis sets should be used ONLY with the appropriate Stuttgart/Koeln pseudopotentials
# Note: the -PP-nr basis sets should be used with the Stuttgart/Koeln ECPxxMHF (xx=10, 28, 60) pseudopotentials
# Pseudopotential-based correlation consistent polarized weighted Core Valence Triple- Basis Set for Cu
#

#BASIS SET:
Cu s
4.748100E+04 4.000000E-06 -1.000000E-06 2.000000E-06 -4.000000E-06 6.000000E-06 1.200000E-05 0.000000E+00 0.000000E+00 0.000000E+00
7.116860E+03 2.700000E-05 -6.000000E-06 1.200000E-05 -2.600000E-05 3.000000E-05 -7.000000E-06 0.000000E+00 0.000000E+00 0.000000E+00
1.608280E+03 1.340000E-04 -2.600000E-05 7.000000E-05 -1.680000E-04 2.800000E-04 7.130000E-04 0.000000E+00 0.000000E+00 0.000000E+00
4.448410E+02 4.460000E-04 -9.400000E-05 1.910000E-04 -3.630000E-04 2.810000E-04 -1.333000E-03 0.000000E+00 0.000000E+00 0.000000E+00
9.780900E+01 4.338000E-03 -7.680000E-04 2.515000E-03 -6.769000E-03 1.410600E-02 5.772700E-02 0.000000E+00 0.000000E+00 0.000000E+00
6.086180E+01 -2.473500E-02 4.507000E-03 -1.276000E-02 3.147500E-02 -5.868100E-02 -2.075630E-01 0.000000E+00 0.000000E+00 0.000000E+00
3.789320E+01 7.837100E-02 -1.508000E-02 3.842300E-02 -9.045200E-02 1.506420E-01 3.758020E-01 0.000000E+00 0.000000E+00 0.000000E+00
1.230390E+01 -2.809410E-01 5.973200E-02 -1.646870E-01 4.526940E-01 -9.168870E-01 -2.248893E+00 0.000000E+00 0.000000E+00 0.000000E+00
7.695680E+00 -1.933320E-01 3.676700E-02 -5.547100E-02 2.212900E-02 3.762410E-01 2.537798E+00 0.000000E+00 0.000000E+00 0.000000E+00
3.130580E+00 4.088360E-01 -9.595900E-02 2.653210E-01 -1.086665E+00 2.988122E+00 2.991975E+00 0.000000E+00 0.000000E+00 0.000000E+00
1.619540E+00 5.916440E-01 -1.600320E-01 5.666590E-01 -9.286330E-01 -2.856378E+00 -7.934876E+00 0.000000E+00 0.000000E+00 0.000000E+00
7.971120E-01 2.635430E-01 -1.554120E-01 -8.797900E-02 2.044646E+00 -8.763030E-01 6.756177E+00 0.000000E+00 0.000000E+00 0.000000E+00
2.678080E-01 1.987300E-02 -1.523900E-02 -1.020025E+00 7.991380E-01 3.845249E+00 -2.758986E+00 0.000000E+00 0.000000E+00 0.000000E+00
1.479860E-01 -6.602000E-03 3.122670E-01 -3.611740E-01 -1.913043E+00 -2.303327E+00 -1.201282E+00 0.000000E+00 0.000000E+00 0.000000E+00
6.873800E-02 2.173000E-03 5.241750E-01 2.794740E-01 -2.062770E-01 -1.412039E+00 3.472569E+00 0.000000E+00 0.000000E+00 0.000000E+00
3.158800E-02 -3.980000E-04 2.996580E-01 8.343830E-01 9.876260E-01 1.406804E+00 -1.797940E+00 1.000000E+00 0.000000E+00 0.000000E+00
5.869400E+00 0.000000E+00 0.000000E+00 0.000000E+00 0.000000E+00 0.000000E+00 0.000000E+00 0.000000E+00 1.000000E+00 0.000000E+00
3.678200E+00 0.000000E+00 0.000000E+00 0.000000E+00 0.000000E+00 0.000000E+00 0.000000E+00 0.000000E+00 0.000000E+00 1.000000E+00
Cu p
9.947840E+02 4.600000E-05 1.000000E-05 -2.100000E-05 -5.300000E-05 1.360000E-04 4.850000E-04 0.000000E+00 0.000000E+00 0.000000E+00
2.335740E+02 3.230000E-04 6.700000E-05 -1.440000E-04 -3.200000E-04 8.400000E-05 -1.780000E-03 0.000000E+00 0.000000E+00 0.000000E+00
4.933550E+01 7.777000E-03 1.674000E-03 -3.589000E-03 -8.584000E-03 1.935300E-02 6.286400E-02 0.000000E+00 0.000000E+00 0.000000E+00
2.462210E+01 -3.022500E-02 -6.876000E-03 1.561000E-02 4.361100E-02 -1.195270E-01 -3.991150E-01 0.000000E+00 0.000000E+00 0.000000E+00
1.458610E+01 -6.804700E-02 -1.355800E-02 2.779300E-02 5.411000E-02 6.125000E-03 3.897740E-01 0.000000E+00 0.000000E+00 0.000000E+00
5.149290E+00 2.180790E-01 5.206400E-02 -1.247310E-01 -4.003720E-01 9.456850E-01 2.115493E+00 0.000000E+00 0.000000E+00 0.000000E+00
2.764270E+00 3.918760E-01 9.049000E-02 -2.039560E-01 -4.965730E-01 2.440170E-01 -3.027962E+00 0.000000E+00 0.000000E+00 0.000000E+00
1.443590E+00 3.528230E-01 9.650800E-02 -1.616050E-01 9.473200E-02 -1.572639E+00 2.861890E-01 0.000000E+00 0.000000E+00 0.000000E+00
7.290250E-01 1.640360E-01 1.630800E-02 1.087170E-01 9.615560E-01 7.986700E-02 2.088935E+00 0.000000E+00 0.000000E+00 0.000000E+00
3.154570E-01 2.365900E-02 -1.903600E-01 4.919850E-01 2.341110E-01 1.508119E+00 -1.738141E+00 0.000000E+00 0.000000E+00 0.000000E+00
1.420260E-01 -8.270000E-04 -4.128340E-01 4.531510E-01 -7.235870E-01 -7.601700E-01 1.087960E-01 0.000000E+00 0.000000E+00 0.000000E+00
6.372700E-02 9.510000E-04 -4.154670E-01 9.809500E-02 -1.789090E-01 -3.501020E-01 6.313500E-01 0.000000E+00 0.000000E+00 0.000000E+00
2.823800E-02 -2.230000E-04 -1.331200E-01 2.873000E-03 -1.129700E-02 -1.044300E-02 -3.448400E-02 1.000000E+00 0.000000E+00 0.000000E+00
1.107240E+01 0.000000E+00 0.000000E+00 0.000000E+00 0.000000E+00 0.000000E+00 0.000000E+00 0.000000E+00 1.000000E+00 0.000000E+00
4.159800E+00 0.000000E+00 0.000000E+00 0.000000E+00 0.000000E+00 0.000000E+00 0.000000E+00 0.000000E+00 0.000000E+00 1.000000E+00
Cu d
5.732950E+02 1.120000E-04 -1.410000E-04 1.670000E-04 -2.350000E-04 -3.870000E-04 0.000000E+00 0.000000E+00 0.000000E+00
1.737710E+02 1.178000E-03 -1.491000E-03 1.814000E-03 -2.771000E-03 -2.948000E-03 0.000000E+00 0.000000E+00 0.000000E+00
6.838680E+01 8.099000E-03 -1.029800E-02 1.241000E-02 -1.814500E-02 -2.714300E-02 0.000000E+00 0.000000E+00 0.000000E+00
3.197590E+01 3.206900E-02 -4.103200E-02 5.038200E-02 -7.737700E-02 -9.036800E-02 0.000000E+00 0.000000E+00 0.000000E+00
1.544180E+01 8.430400E-02 -1.110920E-01 1.409140E-01 -2.272860E-01 -4.052580E-01 0.000000E+00 0.000000E+00 0.000000E+00
7.784970E+00 1.679020E-01 -2.249840E-01 2.992030E-01 -5.059800E-01 -4.721840E-01 0.000000E+00 0.000000E+00 0.000000E+00
3.974590E+00 2.452750E-01 -2.847560E-01 2.379310E-01 1.897810E-01 1.407892E+00 0.000000E+00 0.000000E+00 0.000000E+00
2.011830E+00 2.766790E-01 -1.384660E-01 -2.807740E-01 9.638390E-01 -1.982090E-01 0.000000E+00 0.000000E+00 0.000000E+00
9.966730E-01 2.550870E-01 1.781060E-01 -5.675590E-01 -2.840360E-01 -1.414459E+00 0.000000E+00 0.000000E+00 0.000000E+00
4.783830E-01 1.937240E-01 3.882270E-01 -7.974200E-02 -8.477920E-01 1.173243E+00 0.000000E+00 0.000000E+00 0.000000E+00
2.191490E-01 1.088390E-01 3.421100E-01 5.364410E-01 3.362200E-01 1.886550E-01 0.000000E+00 0.000000E+00 0.000000E+00
9.261200E-02 2.907800E-02 1.214980E-01 3.301400E-01 4.550230E-01 -6.615630E-01 1.000000E+00 0.000000E+00 0.000000E+00
9.471100E+00 0.000000E+00 0.000000E+00 0.000000E+00 0.000000E+00 0.000000E+00 0.000000E+00 1.000000E+00 0.000000E+00
5.940500E+00 0.000000E+00 0.000000E+00 0.000000E+00 0.000000E+00 0.000000E+00 0.000000E+00 0.000000E+00 1.000000E+00
Cu f
1.441080E+01 1.000000E+00 0.000000E+00 0.000000E+00 0.000000E+00 0.000000E+00
6.615800E+00 0.000000E+00 1.000000E+00 0.000000E+00 0.000000E+00 0.000000E+00
3.037200E+00 0.000000E+00 0.000000E+00 1.000000E+00 0.000000E+00 0.000000E+00
1.394300E+00 0.000000E+00 0.000000E+00 0.000000E+00 1.000000E+00 0.000000E+00
4.977000E-01 0.000000E+00 0.000000E+00 0.000000E+00 0.000000E+00 1.000000E+00
Cu g
1.254950E+01 1.000000E+00 0.000000E+00 0.000000E+00 0.000000E+00
6.036700E+00 0.000000E+00 1.000000E+00 0.000000E+00 0.000000E+00
2.903800E+00 0.000000E+00 0.000000E+00 1.000000E+00 0.000000E+00
1.103000E+00 0.000000E+00 0.000000E+00 0.000000E+00 1.000000E+00
Cu h
1.056880E+01 1.000000E+00 0.000000E+00 0.000000E+00
4.981200E+00 0.000000E+00 1.000000E+00 0.000000E+00
2.084700E+00 0.000000E+00 0.000000E+00 1.000000E+00
Cu i
1.029390E+01 1.000000E+00 0.000000E+00
4.926300E+00 0.000000E+00 1.000000E+00
#BASIS SET:
Ag s
2.550810E+04 4.000000E-06 -1.000000E-06 -2.000000E-06 -4.000000E-06 4.000000E-06 1.700000E-05 0.000000E+00 0.000000E+00 0.000000E+00
3.866300E+03 2.800000E-05 -9.000000E-06 -1.700000E-05 -3.000000E-05 5.000000E-05 -1.900000E-05 0.000000E+00 0.000000E+00 0.000000E+00
8.657950E+02 1.350000E-04 -3.900000E-05 -8.200000E-05 -1.270000E-04 1.230000E-04 9.450000E-04 0.000000E+00 0.000000E+00 0.000000E+00
2.337790E+02 4.160000E-04 -1.340000E-04 -2.540000E-04 -4.850000E-04 9.330000E-04 -1.680000E-03 0.000000E+00 0.000000E+00 0.000000E+00
3.727120E+01 1.272100E-02 -3.232000E-03 -6.986000E-03 -8.796000E-03 2.690000E-04 1.524090E-01 0.000000E+00 0.000000E+00 0.000000E+00
2.323210E+01 -1.060860E-01 2.859900E-02 5.874200E-02 8.443700E-02 -6.500200E-02 -7.759530E-01 0.000000E+00 0.000000E+00 0.000000E+00
1.448180E+01 3.478570E-01 -9.933800E-02 -2.016470E-01 -3.097690E-01 3.349260E-01 1.930351E+00 0.000000E+00 0.000000E+00 0.000000E+00
7.330150E+00 -4.498720E-01 1.440280E-01 2.988210E-01 4.106920E-01 -3.194330E-01 -4.233983E+00 0.000000E+00 0.000000E+00 0.000000E+00
4.547360E+00 -4.203070E-01 1.160400E-01 2.442880E-01 7.069170E-01 -1.829621E+00 2.606728E+00 0.000000E+00 0.000000E+00 0.000000E+00
2.008050E+00 4.493320E-01 -1.592840E-01 -3.773370E-01 -1.623091E+00 6.617340E+00 7.225522E+00 0.000000E+00 0.000000E+00 0.000000E+00
1.126620E+00 6.736920E-01 -2.796960E-01 -9.639450E-01 -1.367039E+00 -5.714492E+00 -1.461948E+01 0.000000E+00 0.000000E+00 0.000000E+00
5.879060E-01 2.820160E-01 -2.088490E-01 3.002400E-01 2.887590E+00 -6.955270E-01 1.159839E+01 0.000000E+00 0.000000E+00 0.000000E+00
2.291650E-01 1.958300E-02 8.762000E-02 1.247029E+00 3.739690E-01 4.659830E+00 -5.317928E+00 0.000000E+00 0.000000E+00 0.000000E+00
1.193530E-01 -2.210000E-03 4.317620E-01 2.516930E-01 -2.099207E+00 -3.080535E+00 9.883500E-02 0.000000E+00 0.000000E+00 0.000000E+00
5.742700E-02 2.720000E-03 5.040820E-01 -5.123710E-01 8.117300E-02 -9.140990E-01 3.188739E+00 0.000000E+00 0.000000E+00 0.000000E+00
2.744700E-02 1.770000E-04 1.645780E-01 -6.472690E-01 1.000100E+00 1.329253E+00 -1.849181E+00 1.000000E+00 0.000000E+00 0.000000E+00
1.664900E+00 0.000000E+00 0.000000E+00 0.000000E+00 0.000000E+00 0.000000E+00 0.000000E+00 0.000000E+00 1.000000E+00 0.000000E+00
1.041500E+00 0.000000E+00 0.000000E+00 0.000000E+00 0.000000E+00 0.000000E+00 0.000000E+00 0.000000E+00 0.000000E+00 1.000000E+00
Ag p
2.603710E+02 6.900000E-05 -2.100000E-05 -4.300000E-05 -7.600000E-05 1.220000E-04 -2.500000E-04 0.000000E+00 0.000000E+00 0.000000E+00
4.187700E+01 2.208000E-03 -4.160000E-04 -8.860000E-04 -1.520000E-03 2.038000E-03 2.904400E-02 0.000000E+00 0.000000E+00 0.000000E+00
2.608180E+01 -1.471300E-02 3.105000E-03 6.539000E-03 1.130400E-02 -1.685600E-02 -1.328380E-01 0.000000E+00 0.000000E+00 0.000000E+00
1.629990E+01 6.150000E-02 -1.491500E-02 -3.107800E-02 -5.490300E-02 8.706500E-02 3.460190E-01 0.000000E+00 0.000000E+00 0.000000E+00
7.332120E+00 -2.486090E-01 6.680900E-02 1.388240E-01 2.531400E-01 -4.436140E-01 -1.538330E+00 0.000000E+00 0.000000E+00 0.000000E+00
3.611530E+00 -1.186100E-02 -2.686000E-03 7.397000E-03 7.939000E-02 -9.542200E-02 3.696601E+00 0.000000E+00 0.000000E+00 0.000000E+00
2.257740E+00 4.010540E-01 -1.167180E-01 -2.866860E-01 -8.748950E-01 2.416067E+00 -9.815190E-01 0.000000E+00 0.000000E+00 0.000000E+00
1.195630E+00 4.854900E-01 -1.647480E-01 -3.796850E-01 -4.976100E-01 -1.991194E+00 -4.038405E+00 0.000000E+00 0.000000E+00 0.000000E+00
6.173070E-01 2.548630E-01 -7.987600E-02 4.633300E-02 1.244805E+00 -1.068206E+00 4.661510E+00 0.000000E+00 0.000000E+00 0.000000E+00
2.882140E-01 4.386700E-02 1.495800E-01 5.493950E-01 5.008560E-01 2.240182E+00 -2.083080E+00 0.000000E+00 0.000000E+00 0.000000E+00
1.338710E-01 4.240000E-04 4.198200E-01 4.688010E-01 -8.438290E-01 -6.925270E-01 -3.652860E-01 0.000000E+00 0.000000E+00 0.000000E+00
6.066700E-02 1.076000E-03 4.512040E-01 1.012000E-01 -2.683590E-01 -5.043030E-01 8.759320E-01 0.000000E+00 0.000000E+00 0.000000E+00
2.698700E-02 -2.080000E-04 1.474970E-01 3.281000E-03 -9.498000E-03 -6.336000E-03 -4.201600E-02 1.000000E+00 0.000000E+00 0.000000E+00
3.845700E+00 0.000000E+00 0.000000E+00 0.000000E+00 0.000000E+00 0.000000E+00 0.000000E+00 0.000000E+00 1.000000E+00 0.000000E+00
2.408600E+00 0.000000E+00 0.000000E+00 0.000000E+00 0.000000E+00 0.000000E+00 0.000000E+00 0.000000E+00 0.000000E+00 1.000000E+00
Ag d
2.101510E+02 5.200000E-05 -6.600000E-05 -1.370000E-04 -4.150000E-04 3.520000E-04 0.000000E+00 0.000000E+00 0.000000E+00
6.322130E+01 4.340000E-04 -5.960000E-04 -4.700000E-04 6.290000E-04 7.750000E-04 0.000000E+00 0.000000E+00 0.000000E+00
2.219470E+01 2.978000E-03 -3.755000E-03 -6.756000E-03 -1.784700E-02 1.858200E-02 0.000000E+00 0.000000E+00 0.000000E+00
9.163780E+00 -2.103600E-02 2.775100E-02 4.710900E-02 1.162800E-01 -1.729500E-01 0.000000E+00 0.000000E+00 0.000000E+00
3.692650E+00 8.947300E-02 -1.382930E-01 -2.590530E-01 -8.457040E-01 2.335718E+00 0.000000E+00 0.000000E+00 0.000000E+00
2.172470E+00 2.311140E-01 -3.844080E-01 -6.886270E-01 -5.895720E-01 -2.817218E+00 0.000000E+00 0.000000E+00 0.000000E+00
1.215040E+00 3.114170E-01 -3.282910E-01 2.530610E-01 2.065232E+00 -1.337660E-01 0.000000E+00 0.000000E+00 0.000000E+00
6.545310E-01 2.939390E-01 1.446150E-01 8.530670E-01 -6.109170E-01 2.521064E+00 0.000000E+00 0.000000E+00 0.000000E+00
3.396100E-01 2.033710E-01 4.584850E-01 6.523700E-02 -1.051182E+00 -1.979192E+00 0.000000E+00 0.000000E+00 0.000000E+00
1.684380E-01 9.098800E-02 3.562670E-01 -6.296830E-01 5.253630E-01 7.195500E-02 0.000000E+00 0.000000E+00 0.000000E+00
7.783900E-02 1.639000E-02 9.439800E-02 -2.646240E-01 4.155700E-01 6.602140E-01 1.000000E+00 0.000000E+00 0.000000E+00
5.375600E+00 0.000000E+00 0.000000E+00 0.000000E+00 0.000000E+00 0.000000E+00 0.000000E+00 1.000000E+00 0.000000E+00
2.480200E+00 0.000000E+00 0.000000E+00 0.000000E+00 0.000000E+00 0.000000E+00 0.000000E+00 0.000000E+00 1.000000E+00
Ag f
1.007620E+01 1.000000E+00 0.000000E+00 0.000000E+00 0.000000E+00 0.000000E+00
4.648100E+00 0.000000E+00 1.000000E+00 0.000000E+00 0.000000E+00 0.000000E+00
2.144100E+00 0.000000E+00 0.000000E+00 1.000000E+00 0.000000E+00 0.000000E+00
9.891000E-01 0.000000E+00 0.000000E+00 0.000000E+00 1.000000E+00 0.000000E+00
3.785000E-01 0.000000E+00 0.000000E+00 0.000000E+00 0.000000E+00 1.000000E+00
Ag g
4.440600E+00 1.000000E+00 0.000000E+00 0.000000E+00 0.000000E+00
2.577300E+00 0.000000E+00 1.000000E+00 0.000000E+00 0.000000E+00
1.495800E+00 0.000000E+00 0.000000E+00 1.000000E+00 0.000000E+00
6.232000E-01 0.000000E+00 0.000000E+00 0.000000E+00 1.000000E+00
Ag h
4.324700E+00 1.000000E+00 0.000000E+00 0.000000E+00
2.457700E+00 0.000000E+00 1.000000E+00 0.000000E+00
1.081400E+00 0.000000E+00 0.000000E+00 1.000000E+00
Ag i
4.242300E+00 1.000000E+00 0.000000E+00
2.264000E+00 0.000000E+00 1.000000E+00
#BASIS SET:
Au s
2.324040E+03 3.000000E-06 -1.000000E-06 1.000000E-06 -9.000000E-06 2.000000E-05 4.160000E-04 0.000000E+00 0.000000E+00 0.000000E+00
9.170200E+02 7.000000E-06 -2.000000E-06 -1.400000E-05 4.100000E-05 -3.400000E-05 -1.166000E-03 0.000000E+00 0.000000E+00 0.000000E+00
9.930910E+01 7.340000E-04 -2.580000E-04 2.500000E-04 -2.085000E-03 4.087000E-03 9.367800E-02 0.000000E+00 0.000000E+00 0.000000E+00
6.175760E+01 -5.878000E-03 1.986000E-03 -1.510000E-04 9.691000E-03 -2.264600E-02 -4.949870E-01 0.000000E+00 0.000000E+00 0.000000E+00
3.837220E+01 3.858500E-02 -1.294400E-02 -1.387200E-02 -9.361000E-03 8.583900E-02 1.441271E+00 0.000000E+00 0.000000E+00 0.000000E+00
2.396290E+01 -1.865180E-01 6.396300E-02 1.050350E-01 -8.611500E-02 -2.978880E-01 -2.999763E+00 0.000000E+00 0.000000E+00 0.000000E+00
1.485180E+01 4.461470E-01 -1.584020E-01 -2.897480E-01 3.172260E-01 6.630540E-01 4.512653E+00 0.000000E+00 0.000000E+00 0.000000E+00
7.974800E+00 -2.767230E-01 1.115380E-01 1.796510E-01 -9.337200E-02 -3.769950E-01 -5.693709E+00 0.000000E+00 0.000000E+00 0.000000E+00
4.797900E+00 -6.689850E-01 2.433180E-01 5.943520E-01 -1.170394E+00 -1.739947E+00 2.495118E+00 0.000000E+00 0.000000E+00 0.000000E+00
1.762450E+00 5.133410E-01 -2.557840E-01 -7.488720E-01 2.565019E+00 8.449349E+00 1.290784E+01 0.000000E+00 0.000000E+00 0.000000E+00
1.092730E+00 5.929010E-01 -3.014930E-01 -1.128184E+00 1.064146E+00 -8.569874E+00 -2.747687E+01 0.000000E+00 0.000000E+00 0.000000E+00
6.305580E-01 2.922540E-01 -2.435690E-01 3.356590E-01 -4.068461E+00 -1.140438E+00 2.356674E+01 0.000000E+00 0.000000E+00 0.000000E+00
3.220500E-01 3.680200E-02 9.199100E-02 1.568505E+00 4.163440E-01 5.715493E+00 -1.006480E+01 0.000000E+00 0.000000E+00 0.000000E+00
1.500280E-01 1.827000E-03 4.686120E-01 2.609500E-01 2.212753E+00 -2.715545E+00 4.894190E-01 0.000000E+00 0.000000E+00 0.000000E+00
7.075900E-02 1.739000E-03 5.189930E-01 -7.758610E-01 -4.168730E-01 -1.237756E+00 2.983785E+00 0.000000E+00 0.000000E+00 0.000000E+00
3.338700E-02 3.470000E-04 1.587350E-01 -3.928000E-01 -8.851010E-01 1.521957E+00 -1.777764E+00 1.000000E+00 0.000000E+00 0.000000E+00
6.315600E+00 0.000000E+00 0.000000E+00 0.000000E+00 0.000000E+00 0.000000E+00 0.000000E+00 0.000000E+00 1.000000E+00 0.000000E+00
3.947200E+00 0.000000E+00 0.000000E+00 0.000000E+00 0.000000E+00 0.000000E+00 0.000000E+00 0.000000E+00 0.000000E+00 1.000000E+00
Au p
3.287810E+02 1.000000E-05 -3.000000E-06 -1.000000E-05 -2.500000E-05 5.900000E-05 -5.040000E-04 0.000000E+00 0.000000E+00 0.000000E+00
3.446340E+01 2.188000E-03 -6.050000E-04 -8.980000E-04 -1.830000E-04 -2.374000E-03 7.215200E-02 0.000000E+00 0.000000E+00 0.000000E+00
2.152450E+01 -2.471500E-02 7.045000E-03 1.318600E-02 1.480100E-02 -9.752000E-03 -3.918880E-01 0.000000E+00 0.000000E+00 0.000000E+00
1.344620E+01 1.189910E-01 -3.516800E-02 -7.095700E-02 -9.869400E-02 1.231730E-01 1.192639E+00 0.000000E+00 0.000000E+00 0.000000E+00
8.399370E+00 -1.383110E-01 4.403500E-02 8.696300E-02 1.097700E-01 -1.055430E-01 -1.997909E+00 0.000000E+00 0.000000E+00 0.000000E+00
5.210590E+00 -2.161190E-01 6.159800E-02 1.454040E-01 3.092700E-01 -7.086340E-01 8.884800E-01 0.000000E+00 0.000000E+00 0.000000E+00
2.039700E+00 3.448980E-01 -1.214490E-01 -2.952900E-01 -8.356210E-01 3.357716E+00 4.572396E+00 0.000000E+00 0.000000E+00 0.000000E+00
1.169030E+00 4.866170E-01 -1.779290E-01 -4.670080E-01 -8.317760E-01 -2.809206E+00 -9.411330E+00 0.000000E+00 0.000000E+00 0.000000E+00
6.362200E-01 2.999080E-01 -1.200270E-01 -6.750000E-02 1.476638E+00 -1.228012E+00 8.226602E+00 0.000000E+00 0.000000E+00 0.000000E+00
3.221190E-01 7.128700E-02 1.180530E-01 6.517920E-01 5.536050E-01 2.520006E+00 -3.402811E+00 0.000000E+00 0.000000E+00 0.000000E+00
1.443720E-01 5.231000E-03 4.178910E-01 4.987270E-01 -9.377790E-01 -7.479720E-01 -2.106510E-01 0.000000E+00 0.000000E+00 0.000000E+00
6.375900E-02 5.760000E-04 4.778420E-01 5.796800E-02 -2.393930E-01 -4.731810E-01 9.266450E-01 0.000000E+00 0.000000E+00 0.000000E+00
2.772200E-02 -5.100000E-05 1.671440E-01 3.923000E-03 -1.611000E-03 1.235900E-02 -5.381600E-02 1.000000E+00 0.000000E+00 0.000000E+00
5.985900E+00 0.000000E+00 0.000000E+00 0.000000E+00 0.000000E+00 0.000000E+00 0.000000E+00 0.000000E+00 1.000000E+00 0.000000E+00
3.745100E+00 0.000000E+00 0.000000E+00 0.000000E+00 0.000000E+00 0.000000E+00 0.000000E+00 0.000000E+00 0.000000E+00 1.000000E+00
Au d
6.203090E+01 8.600000E-05 -1.590000E-04 5.970000E-04 5.220000E-04 6.645000E-03 0.000000E+00 0.000000E+00 0.000000E+00
2.109880E+01 -7.960000E-04 1.475000E-03 -6.535000E-03 -6.381000E-03 -7.283000E-02 0.000000E+00 0.000000E+00 0.000000E+00
1.312000E+01 9.136000E-03 -1.285100E-02 2.949500E-02 3.898500E-02 1.334930E-01 0.000000E+00 0.000000E+00 0.000000E+00
6.312570E+00 -6.630100E-02 9.096900E-02 -1.581000E-01 -2.607860E-01 1.136240E-01 0.000000E+00 0.000000E+00 0.000000E+00
2.141450E+00 1.655630E-01 -2.740770E-01 6.914270E-01 2.035288E+00 -3.889724E+00 0.000000E+00 0.000000E+00 0.000000E+00
1.299370E+00 2.414410E-01 -4.448840E-01 5.919970E-01 -1.399120E+00 7.904899E+00 0.000000E+00 0.000000E+00 0.000000E+00
8.103580E-01 2.710220E-01 -2.023240E-01 -7.766420E-01 -1.415319E+00 -5.674397E+00 0.000000E+00 0.000000E+00 0.000000E+00
4.727070E-01 2.680130E-01 2.203780E-01 -7.384040E-01 1.166861E+00 4.856670E-01 0.000000E+00 0.000000E+00 0.000000E+00
2.556480E-01 1.868750E-01 4.855030E-01 1.831700E-01 7.703110E-01 1.229852E+00 0.000000E+00 0.000000E+00 0.000000E+00
1.308950E-01 8.131400E-02 3.016470E-01 5.878850E-01 -6.531500E-01 -7.188900E-02 0.000000E+00 0.000000E+00 0.000000E+00
6.277900E-02 1.341900E-02 6.688400E-02 1.845430E-01 -3.425610E-01 -6.531560E-01 1.000000E+00 0.000000E+00 0.000000E+00
5.518500E+00 0.000000E+00 0.000000E+00 0.000000E+00 0.000000E+00 0.000000E+00 0.000000E+00 1.000000E+00 0.000000E+00
3.452400E+00 0.000000E+00 0.000000E+00 0.000000E+00 0.000000E+00 0.000000E+00 0.000000E+00 0.000000E+00 1.000000E+00
Au f
3.574400E+00 1.000000E+00 0.000000E+00 0.000000E+00 0.000000E+00 0.000000E+00
2.060000E+00 0.000000E+00 1.000000E+00 0.000000E+00 0.000000E+00 0.000000E+00
1.187200E+00 0.000000E+00 0.000000E+00 1.000000E+00 0.000000E+00 0.000000E+00
6.842000E-01 0.000000E+00 0.000000E+00 0.000000E+00 1.000000E+00 0.000000E+00
2.737000E-01 0.000000E+00 0.000000E+00 0.000000E+00 0.000000E+00 1.000000E+00
Au g
3.428200E+00 1.000000E+00 0.000000E+00 0.000000E+00 0.000000E+00
2.035500E+00 0.000000E+00 1.000000E+00 0.000000E+00 0.000000E+00
1.208600E+00 0.000000E+00 0.000000E+00 1.000000E+00 0.000000E+00
4.996000E-01 0.000000E+00 0.000000E+00 0.000000E+00 1.000000E+00
Au h
3.174900E+00 1.000000E+00 0.000000E+00 0.000000E+00
1.864600E+00 0.000000E+00 1.000000E+00 0.000000E+00
8.107000E-01 0.000000E+00 0.000000E+00 1.000000E+00
Au i
3.172700E+00 1.000000E+00 0.000000E+00
1.682200E+00 0.000000E+00 1.000000E+00
#BASIS SET:
Zn s
5.041980E+04 3.000000E-06 -1.000000E-06 -3.000000E-06 -4.000000E-06 8.000000E-06 1.700000E-05 0.000000E+00 0.000000E+00 0.000000E+00
8.013050E+03 2.300000E-05 -6.000000E-06 -1.600000E-05 -2.500000E-05 2.500000E-05 -3.900000E-05 0.000000E+00 0.000000E+00 0.000000E+00
1.864410E+03 1.120000E-04 -2.600000E-05 -9.600000E-05 -1.590000E-04 3.430000E-04 9.160000E-04 0.000000E+00 0.000000E+00 0.000000E+00
5.168830E+02 3.830000E-04 -9.300000E-05 -2.400000E-04 -3.690000E-04 1.080000E-04 -2.200000E-03 0.000000E+00 0.000000E+00 0.000000E+00
1.107390E+02 3.976000E-03 -8.300000E-04 -3.927000E-03 -6.376000E-03 1.986000E-02 7.827900E-02 0.000000E+00 0.000000E+00 0.000000E+00
6.859200E+01 -2.300700E-02 4.901000E-03 1.941700E-02 3.049600E-02 -7.944700E-02 -2.744010E-01 0.000000E+00 0.000000E+00 0.000000E+00
4.272310E+01 7.175600E-02 -1.600500E-02 -5.625100E-02 -9.105600E-02 1.888710E-01 4.636130E-01 0.000000E+00 0.000000E+00 0.000000E+00
1.287540E+01 -3.065280E-01 7.600900E-02 3.060970E-01 6.132990E-01 -1.540062E+00 -3.688970E+00 0.000000E+00 0.000000E+00 0.000000E+00
8.051750E+00 -1.667500E-01 3.445400E-02 2.280800E-02 -1.276210E-01 1.300128E+00 5.872906E+00 0.000000E+00 0.000000E+00 0.000000E+00
3.382100E+00 4.203140E-01 -1.110350E-01 -5.195240E-01 -1.579690E+00 3.682831E+00 -1.860877E+00 0.000000E+00 0.000000E+00 0.000000E+00
1.745300E+00 6.007590E-01 -2.007290E-01 -8.639280E-01 -2.799730E-01 -6.061478E+00 -3.947336E+00 0.000000E+00 0.000000E+00 0.000000E+00
8.572140E-01 2.489510E-01 -1.768110E-01 6.649260E-01 2.554164E+00 2.577678E+00 6.756501E+00 0.000000E+00 0.000000E+00 0.000000E+00
2.807370E-01 1.381900E-02 8.511500E-02 1.480343E+00 -1.095243E+00 2.931439E+00 -9.189718E+00 0.000000E+00 0.000000E+00 0.000000E+00
1.549350E-01 -4.490000E-03 4.034450E-01 -4.416580E-01 -1.294851E+00 -4.544180E+00 8.397199E+00 0.000000E+00 0.000000E+00 0.000000E+00
7.170900E-02 1.254000E-03 5.114480E-01 -5.650320E-01 1.020098E+00 1.666768E+00 -2.427946E+00 0.000000E+00 0.000000E+00 0.000000E+00
3.279900E-02 -2.710000E-04 1.584270E-01 -2.634850E-01 3.091010E-01 2.074890E-01 -1.141810E-01 1.000000E+00 0.000000E+00 0.000000E+00
6.639100E+00 0.000000E+00 0.000000E+00 0.000000E+00 0.000000E+00 0.000000E+00 0.000000E+00 0.000000E+00 1.000000E+00 0.000000E+00
4.160500E+00 0.000000E+00 0.000000E+00 0.000000E+00 0.000000E+00 0.000000E+00 0.000000E+00 0.000000E+00 0.000000E+00 1.000000E+00
Zn p
1.172360E+03 3.700000E-05 -8.000000E-06 -1.500000E-05 4.600000E-05 1.280000E-04 -4.970000E-04 0.000000E+00 0.000000E+00 0.000000E+00
2.763820E+02 2.580000E-04 -5.000000E-05 -9.300000E-05 2.220000E-04 -8.100000E-05 2.209000E-03 0.000000E+00 0.000000E+00 0.000000E+00
5.780570E+01 7.021000E-03 -1.473000E-03 -2.855000E-03 8.273000E-03 1.925100E-02 -6.697900E-02 0.000000E+00 0.000000E+00 0.000000E+00
3.050320E+01 -2.390100E-02 5.221000E-03 1.053600E-02 -3.475900E-02 -9.082400E-02 3.166910E-01 0.000000E+00 0.000000E+00 0.000000E+00
1.618220E+01 -7.332400E-02 1.429200E-02 2.648200E-02 -6.277100E-02 -2.662900E-02 -2.842230E-01 0.000000E+00 0.000000E+00 0.000000E+00
5.567060E+00 2.236650E-01 -5.136500E-02 -1.069190E-01 4.119930E-01 9.279990E-01 -2.048523E+00 0.000000E+00 0.000000E+00 0.000000E+00
2.988830E+00 3.968750E-01 -8.733400E-02 -1.724900E-01 4.684490E-01 2.501550E-01 2.750611E+00 0.000000E+00 0.000000E+00 0.000000E+00
1.561390E+00 3.536010E-01 -9.285500E-02 -1.495920E-01 -5.977500E-02 -1.480732E+00 6.889200E-02 0.000000E+00 0.000000E+00 0.000000E+00
7.880740E-01 1.533350E-01 -1.600400E-02 5.238500E-02 -9.337340E-01 -6.496400E-02 -2.265682E+00 0.000000E+00 0.000000E+00 0.000000E+00
3.402420E-01 1.879700E-02 1.818650E-01 4.568830E-01 -3.208820E-01 1.571909E+00 1.686073E+00 0.000000E+00 0.000000E+00 0.000000E+00
1.525990E-01 -4.710000E-04 4.048920E-01 5.063440E-01 7.113880E-01 -7.383820E-01 6.852000E-03 0.000000E+00 0.000000E+00 0.000000E+00
6.781100E-02 6.920000E-04 4.236760E-01 1.148650E-01 1.858950E-01 -3.691900E-01 -6.912180E-01 0.000000E+00 0.000000E+00 0.000000E+00
2.966100E-02 -1.500000E-04 1.433160E-01 3.430000E-03 1.017900E-02 -7.128000E-03 4.679700E-02 1.000000E+00 0.000000E+00 0.000000E+00
1.216580E+01 0.000000E+00 0.000000E+00 0.000000E+00 0.000000E+00 0.000000E+00 0.000000E+00 0.000000E+00 1.000000E+00 0.000000E+00
4.410400E+00 0.000000E+00 0.000000E+00 0.000000E+00 0.000000E+00 0.000000E+00 0.000000E+00 0.000000E+00 0.000000E+00 1.000000E+00
Zn d
7.113310E+02 9.200000E-05 1.270000E-04 1.410000E-04 1.650000E-04 -2.720000E-04 0.000000E+00 0.000000E+00 0.000000E+00
2.159730E+02 9.620000E-04 1.337000E-03 1.549000E-03 2.101000E-03 -2.501000E-03 0.000000E+00 0.000000E+00 0.000000E+00
8.510940E+01 6.571000E-03 9.205000E-03 1.045500E-02 1.293700E-02 -1.979700E-02 0.000000E+00 0.000000E+00 0.000000E+00
3.981640E+01 2.802300E-02 3.944000E-02 4.599100E-02 6.186500E-02 -7.868300E-02 0.000000E+00 0.000000E+00 0.000000E+00
1.943720E+01 7.458900E-02 1.080670E-01 1.290630E-01 1.725820E-01 -3.036580E-01 0.000000E+00 0.000000E+00 0.000000E+00
9.871390E+00 1.546060E-01 2.315870E-01 3.058050E-01 4.627300E-01 -6.107360E-01 0.000000E+00 0.000000E+00 0.000000E+00
5.096820E+00 2.383640E-01 3.176520E-01 2.663160E-01 -2.961700E-02 1.119058E+00 0.000000E+00 0.000000E+00 0.000000E+00
2.618730E+00 2.815350E-01 1.682570E-01 -3.407180E-01 -9.453840E-01 4.422770E-01 0.000000E+00 0.000000E+00 0.000000E+00
1.321070E+00 2.662440E-01 -1.969900E-01 -5.632060E-01 7.210400E-02 -1.715217E+00 0.000000E+00 0.000000E+00 0.000000E+00
6.482480E-01 1.976310E-01 -4.125860E-01 -3.645100E-02 1.006770E+00 8.711110E-01 0.000000E+00 0.000000E+00 0.000000E+00
3.048130E-01 1.001960E-01 -3.046730E-01 5.568570E-01 -2.852740E-01 6.507680E-01 0.000000E+00 0.000000E+00 0.000000E+00
1.327280E-01 2.248600E-02 -8.608900E-02 3.148210E-01 -6.020600E-01 -8.605520E-01 1.000000E+00 0.000000E+00 0.000000E+00
1.062030E+01 0.000000E+00 0.000000E+00 0.000000E+00 0.000000E+00 0.000000E+00 0.000000E+00 1.000000E+00 0.000000E+00
6.662100E+00 0.000000E+00 0.000000E+00 0.000000E+00 0.000000E+00 0.000000E+00 0.000000E+00 0.000000E+00 1.000000E+00
Zn f
1.613210E+01 1.000000E+00 0.000000E+00 0.000000E+00 0.000000E+00 0.000000E+00
7.442100E+00 0.000000E+00 1.000000E+00 0.000000E+00 0.000000E+00 0.000000E+00
3.433200E+00 0.000000E+00 0.000000E+00 1.000000E+00 0.000000E+00 0.000000E+00
1.583800E+00 0.000000E+00 0.000000E+00 0.000000E+00 1.000000E+00 0.000000E+00
5.730000E-01 0.000000E+00 0.000000E+00 0.000000E+00 0.000000E+00 1.000000E+00
Zn g
1.405570E+01 1.000000E+00 0.000000E+00 0.000000E+00 0.000000E+00
6.810100E+00 0.000000E+00 1.000000E+00 0.000000E+00 0.000000E+00
3.299500E+00 0.000000E+00 0.000000E+00 1.000000E+00 0.000000E+00
1.277900E+00 0.000000E+00 0.000000E+00 0.000000E+00 1.000000E+00
Zn h
1.190830E+01 1.000000E+00 0.000000E+00 0.000000E+00
5.653300E+00 0.000000E+00 1.000000E+00 0.000000E+00
2.417100E+00 0.000000E+00 0.000000E+00 1.000000E+00
Zn i
1.143670E+01 1.000000E+00 0.000000E+00
5.663500E+00 0.000000E+00 1.000000E+00
#BASIS SET:
Cd s
2.743660E+04 5.000000E-06 -1.000000E-06 -4.000000E-06 5.000000E-06 1.100000E-05 3.700000E-05 0.000000E+00 0.000000E+00 0.000000E+00
3.908410E+03 3.600000E-05 -1.100000E-05 -3.000000E-05 4.400000E-05 3.700000E-05 -1.320000E-04 0.000000E+00 0.000000E+00 0.000000E+00
8.734940E+02 1.700000E-04 -5.000000E-05 -1.410000E-04 1.880000E-04 5.380000E-04 2.483000E-03 0.000000E+00 0.000000E+00 0.000000E+00
2.409660E+02 5.020000E-04 -1.630000E-04 -4.170000E-04 6.600000E-04 -7.000000E-06 -6.515000E-03 0.000000E+00 0.000000E+00 0.000000E+00
4.015470E+01 1.270200E-02 -3.258000E-03 -9.401000E-03 1.027900E-02 6.031800E-02 3.870050E-01 0.000000E+00 0.000000E+00 0.000000E+00
2.493360E+01 -1.035310E-01 2.808600E-02 7.691200E-02 -9.490600E-02 -3.399990E-01 -1.821149E+00 0.000000E+00 0.000000E+00 0.000000E+00
1.552290E+01 3.364200E-01 -9.674800E-02 -2.625420E-01 3.459450E-01 9.281550E-01 4.101379E+00 0.000000E+00 0.000000E+00 0.000000E+00
7.572830E+00 -4.851990E-01 1.571350E-01 4.359870E-01 -5.089720E-01 -1.859173E+00 -1.084201E+01 0.000000E+00 0.000000E+00 0.000000E+00
4.726890E+00 -3.783880E-01 1.024990E-01 3.210280E-01 -9.101160E-01 -2.801740E-01 1.274092E+01 0.000000E+00 0.000000E+00 0.000000E+00
2.063190E+00 5.224540E-01 -1.865410E-01 -8.122860E-01 3.154336E+00 8.250640E+00 -5.154199E+00 0.000000E+00 0.000000E+00 0.000000E+00
1.129820E+00 6.637710E-01 -2.931460E-01 -1.174382E+00 -4.410900E-01 -1.204998E+01 -3.464471E+00 0.000000E+00 0.000000E+00 0.000000E+00
5.872270E-01 2.282000E-01 -1.881750E-01 1.005644E+00 -3.356724E+00 6.294247E+00 8.925932E+00 0.000000E+00 0.000000E+00 0.000000E+00
2.363260E-01 1.140000E-02 1.461350E-01 1.444285E+00 2.184925E+00 1.074005E+00 -1.065622E+01 0.000000E+00 0.000000E+00 0.000000E+00
1.190290E-01 -1.405000E-03 4.696640E-01 -4.737790E-01 8.653930E-01 -3.668323E+00 9.009911E+00 0.000000E+00 0.000000E+00 0.000000E+00
5.759300E-02 4.300000E-04 4.688420E-01 -6.115230E-01 -1.076322E+00 1.738191E+00 -3.274806E+00 0.000000E+00 0.000000E+00 0.000000E+00
2.775500E-02 -8.800000E-05 1.191180E-01 -1.923040E-01 -2.481850E-01 1.644170E-01 1.010900E-01 1.000000E+00 0.000000E+00 0.000000E+00
1.923400E+00 0.000000E+00 0.000000E+00 0.000000E+00 0.000000E+00 0.000000E+00 0.000000E+00 0.000000E+00 1.000000E+00 0.000000E+00
1.202700E+00 0.000000E+00 0.000000E+00 0.000000E+00 0.000000E+00 0.000000E+00 0.000000E+00 0.000000E+00 0.000000E+00 1.000000E+00
Cd p
3.232680E+02 6.600000E-05 -1.800000E-05 -3.700000E-05 7.500000E-05 1.040000E-04 4.590000E-04 0.000000E+00 0.000000E+00 0.000000E+00
6.358910E+01 6.790000E-04 -1.490000E-04 -2.500000E-04 3.980000E-04 7.300000E-04 -1.377800E-02 0.000000E+00 0.000000E+00 0.000000E+00
2.820350E+01 -8.423000E-03 1.874000E-03 3.364000E-03 -5.782000E-03 -1.015200E-02 1.210560E-01 0.000000E+00 0.000000E+00 0.000000E+00
1.759360E+01 5.031700E-02 -1.231800E-02 -2.324400E-02 4.336400E-02 7.151700E-02 -3.918450E-01 0.000000E+00 0.000000E+00 0.000000E+00
8.202480E+00 -2.028140E-01 5.444200E-02 1.021120E-01 -1.923230E-01 -3.380230E-01 1.775815E+00 0.000000E+00 0.000000E+00 0.000000E+00
5.110790E+00 -5.326900E-02 9.353000E-03 3.087600E-02 -1.152710E-01 -2.023430E-01 -2.144556E+00 0.000000E+00 0.000000E+00 0.000000E+00
2.535930E+00 3.654550E-01 -1.069270E-01 -2.370240E-01 7.466690E-01 2.207387E+00 -1.881722E+00 0.000000E+00 0.000000E+00 0.000000E+00
1.358390E+00 4.938280E-01 -1.532950E-01 -3.339430E-01 6.295210E-01 -1.307625E+00 5.520653E+00 0.000000E+00 0.000000E+00 0.000000E+00
7.055230E-01 2.777250E-01 -9.523300E-02 -6.571600E-02 -1.048970E+00 -1.751732E+00 -4.805909E+00 0.000000E+00 0.000000E+00 0.000000E+00
3.383690E-01 5.207500E-02 1.139870E-01 4.686380E-01 -7.581520E-01 2.271726E+00 1.452218E+00 0.000000E+00 0.000000E+00 0.000000E+00
1.513800E-01 1.668000E-03 4.051120E-01 5.646730E-01 7.903170E-01 -3.680670E-01 9.494530E-01 0.000000E+00 0.000000E+00 0.000000E+00
6.636800E-02 8.590000E-04 4.787540E-01 1.388640E-01 3.390040E-01 -6.504470E-01 -1.087129E+00 0.000000E+00 0.000000E+00 0.000000E+00
2.866200E-02 -1.420000E-04 1.719030E-01 4.000000E-03 2.335000E-03 1.712500E-02 8.046200E-02 1.000000E+00 0.000000E+00 0.000000E+00
4.166700E+00 0.000000E+00 0.000000E+00 0.000000E+00 0.000000E+00 0.000000E+00 0.000000E+00 0.000000E+00 1.000000E+00 0.000000E+00
2.609400E+00 0.000000E+00 0.000000E+00 0.000000E+00 0.000000E+00 0.000000E+00 0.000000E+00 0.000000E+00 0.000000E+00 1.000000E+00
Cd d
2.184830E+02 6.500000E-05 -9.700000E-05 2.240000E-04 -5.500000E-04 -2.590000E-04 0.000000E+00 0.000000E+00 0.000000E+00
6.608560E+01 5.290000E-04 -7.610000E-04 1.890000E-04 1.198000E-03 -1.931000E-03 0.000000E+00 0.000000E+00 0.000000E+00
2.347670E+01 3.554000E-03 -5.126000E-03 1.033800E-02 -2.401700E-02 -1.660500E-02 0.000000E+00 0.000000E+00 0.000000E+00
1.079190E+01 -1.795100E-02 2.662200E-02 -4.859800E-02 1.100430E-01 1.247370E-01 0.000000E+00 0.000000E+00 0.000000E+00
3.986840E+00 1.024190E-01 -1.831690E-01 3.396490E-01 -9.701910E-01 -2.261379E+00 0.000000E+00 0.000000E+00 0.000000E+00
2.275800E+00 2.560070E-01 -4.777630E-01 6.937940E-01 -2.134990E-01 3.160181E+00 0.000000E+00 0.000000E+00 0.000000E+00
1.253810E+00 3.240110E-01 -2.557580E-01 -5.948220E-01 2.013507E+00 -6.317200E-01 0.000000E+00 0.000000E+00 0.000000E+00
6.747590E-01 2.838860E-01 3.026490E-01 -7.538480E-01 -1.055635E+00 -2.137148E+00 0.000000E+00 0.000000E+00 0.000000E+00
3.548570E-01 1.777130E-01 4.657800E-01 1.934390E-01 -8.484480E-01 2.227034E+00 0.000000E+00 0.000000E+00 0.000000E+00
1.809700E-01 6.906300E-02 2.503160E-01 6.360650E-01 6.878900E-01 -3.921130E-01 0.000000E+00 0.000000E+00 0.000000E+00
8.707600E-02 1.026000E-02 4.339300E-02 1.707700E-01 3.492680E-01 -5.895420E-01 1.000000E+00 0.000000E+00 0.000000E+00
5.955700E+00 0.000000E+00 0.000000E+00 0.000000E+00 0.000000E+00 0.000000E+00 0.000000E+00 1.000000E+00 0.000000E+00
2.675000E+00 0.000000E+00 0.000000E+00 0.000000E+00 0.000000E+00 0.000000E+00 0.000000E+00 0.000000E+00 1.000000E+00
Cd f
1.107630E+01 1.000000E+00 0.000000E+00 0.000000E+00 0.000000E+00 0.000000E+00
5.145800E+00 0.000000E+00 1.000000E+00 0.000000E+00 0.000000E+00 0.000000E+00
2.390600E+00 0.000000E+00 0.000000E+00 1.000000E+00 0.000000E+00 0.000000E+00
1.110600E+00 0.000000E+00 0.000000E+00 0.000000E+00 1.000000E+00 0.000000E+00
4.305000E-01 0.000000E+00 0.000000E+00 0.000000E+00 0.000000E+00 1.000000E+00
Cd g
4.922100E+00 1.000000E+00 0.000000E+00 0.000000E+00 0.000000E+00
2.862200E+00 0.000000E+00 1.000000E+00 0.000000E+00 0.000000E+00
1.664400E+00 0.000000E+00 0.000000E+00 1.000000E+00 0.000000E+00
7.016000E-01 0.000000E+00 0.000000E+00 0.000000E+00 1.000000E+00
Cd h
4.775300E+00 1.000000E+00 0.000000E+00 0.000000E+00
2.731200E+00 0.000000E+00 1.000000E+00 0.000000E+00
1.219700E+00 0.000000E+00 0.000000E+00 1.000000E+00
Cd i
4.642800E+00 1.000000E+00 0.000000E+00
2.549800E+00 0.000000E+00 1.000000E+00
#BASIS SET:
Hg s
2.425620E+04 3.000000E-06 -1.000000E-06 -2.000000E-06 -2.000000E-06 6.000000E-06 3.700000E-05 0.000000E+00 0.000000E+00 0.000000E+00
3.773480E+03 1.800000E-05 -7.000000E-06 -1.700000E-05 -3.100000E-05 2.000000E-05 -2.500000E-04 0.000000E+00 0.000000E+00 0.000000E+00
8.999870E+02 7.900000E-05 -2.900000E-05 -5.900000E-05 -3.800000E-05 2.590000E-04 2.336000E-03 0.000000E+00 0.000000E+00 0.000000E+00
2.520940E+02 2.410000E-04 -9.700000E-05 -2.570000E-04 -5.310000E-04 9.100000E-05 -7.153000E-03 0.000000E+00 0.000000E+00 0.000000E+00
3.435790E+01 1.494500E-02 -4.995000E-03 -8.959000E-03 -2.660000E-04 4.793800E-02 5.499930E-01 0.000000E+00 0.000000E+00 0.000000E+00
2.137570E+01 -1.402310E-01 4.915000E-02 9.937200E-02 7.319900E-02 -3.555650E-01 -2.969888E+00 0.000000E+00 0.000000E+00 0.000000E+00
1.330110E+01 4.915750E-01 -1.827300E-01 -3.892820E-01 -3.664980E-01 1.235256E+00 8.400139E+00 0.000000E+00 0.000000E+00 0.000000E+00
8.243110E+00 -3.623860E-01 1.565560E-01 3.190820E-01 1.094650E-01 -1.261405E+00 -1.328810E+01 0.000000E+00 0.000000E+00 0.000000E+00
4.906510E+00 -6.738120E-01 2.414620E-01 6.496910E-01 1.513721E+00 -1.895278E+00 9.475952E+00 0.000000E+00 0.000000E+00 0.000000E+00
1.963230E+00 4.542010E-01 -2.299770E-01 -7.945380E-01 -3.298582E+00 1.232380E+01 4.209907E+00 0.000000E+00 0.000000E+00 0.000000E+00
1.203960E+00 6.644760E-01 -3.456990E-01 -1.406067E+00 -8.118000E-01 -1.617897E+01 -1.855148E+01 0.000000E+00 0.000000E+00 0.000000E+00
6.707910E-01 3.089550E-01 -2.495710E-01 6.675340E-01 5.225035E+00 5.767046E+00 2.250583E+01 0.000000E+00 0.000000E+00 0.000000E+00
3.304660E-01 3.218100E-02 1.161800E-01 1.704328E+00 -2.153159E+00 3.382764E+00 -1.643228E+01 0.000000E+00 0.000000E+00 0.000000E+00
1.568260E-01 -4.400000E-05 4.871720E-01 -1.245670E-01 -1.737288E+00 -4.607045E+00 8.490394E+00 0.000000E+00 0.000000E+00 0.000000E+00
7.363000E-02 3.260000E-04 5.069390E-01 -8.011920E-01 1.207399E+00 1.477398E+00 -2.026144E+00 0.000000E+00 0.000000E+00 0.000000E+00
3.449400E-02 -6.200000E-05 1.369090E-01 -2.066470E-01 3.193400E-01 3.818490E-01 -3.361560E-01 1.000000E+00 0.000000E+00 0.000000E+00
1.825600E+00 0.000000E+00 0.000000E+00 0.000000E+00 0.000000E+00 0.000000E+00 0.000000E+00 0.000000E+00 1.000000E+00 0.000000E+00
1.141400E+00 0.000000E+00 0.000000E+00 0.000000E+00 0.000000E+00 0.000000E+00 0.000000E+00 0.000000E+00 0.000000E+00 1.000000E+00
Hg p
2.883090E+02 2.100000E-05 -6.000000E-06 -1.600000E-05 4.000000E-05 -8.400000E-05 7.530000E-04 0.000000E+00 0.000000E+00 0.000000E+00
3.699240E+01 1.808000E-03 -4.730000E-04 -8.160000E-04 2.120000E-04 1.277000E-03 -6.688200E-02 0.000000E+00 0.000000E+00 0.000000E+00
2.279900E+01 -1.735400E-02 4.710000E-03 9.220000E-03 -1.010900E-02 8.812000E-03 3.141000E-01 0.000000E+00 0.000000E+00 0.000000E+00
1.300840E+01 1.210320E-01 -3.459100E-02 -7.161700E-02 1.037390E-01 -1.473780E-01 -1.194648E+00 0.000000E+00 0.000000E+00 0.000000E+00
8.125970E+00 -1.882700E-01 5.777300E-02 1.189490E-01 -1.635530E-01 2.207080E-01 2.440360E+00 0.000000E+00 0.000000E+00 0.000000E+00
5.077800E+00 -1.876530E-01 4.995300E-02 1.172920E-01 -2.842960E-01 6.673770E-01 -1.484478E+00 0.000000E+00 0.000000E+00 0.000000E+00
2.172170E+00 3.651650E-01 -1.229220E-01 -2.895890E-01 8.632620E-01 -3.338218E+00 -3.679973E+00 0.000000E+00 0.000000E+00 0.000000E+00
1.203730E+00 5.184010E-01 -1.841060E-01 -4.859980E-01 8.006590E-01 2.940963E+00 8.150131E+00 0.000000E+00 0.000000E+00 0.000000E+00
6.327000E-01 2.812800E-01 -9.986900E-02 1.293700E-02 -1.607330E+00 7.752990E-01 -7.644118E+00 0.000000E+00 0.000000E+00 0.000000E+00
3.046780E-01 5.171700E-02 1.448820E-01 6.697570E-01 -3.404670E-01 -2.392782E+00 3.869204E+00 0.000000E+00 0.000000E+00 0.000000E+00
1.378950E-01 2.451000E-03 4.229010E-01 4.412980E-01 9.449840E-01 1.017148E+00 -5.225200E-01 0.000000E+00 0.000000E+00 0.000000E+00
6.130200E-02 7.250000E-04 4.578930E-01 4.709400E-02 1.575370E-01 3.120220E-01 -6.150040E-01 0.000000E+00 0.000000E+00 0.000000E+00
2.690500E-02 -1.220000E-04 1.536560E-01 2.832000E-03 6.687000E-03 4.208000E-03 2.584700E-02 1.000000E+00 0.000000E+00 0.000000E+00
6.202700E+00 0.000000E+00 0.000000E+00 0.000000E+00 0.000000E+00 0.000000E+00 0.000000E+00 0.000000E+00 1.000000E+00 0.000000E+00
3.882500E+00 0.000000E+00 0.000000E+00 0.000000E+00 0.000000E+00 0.000000E+00 0.000000E+00 0.000000E+00 0.000000E+00 1.000000E+00
Hg d
1.544910E+02 1.800000E-05 4.000000E-06 1.880000E-04 6.730000E-04 6.065000E-03 0.000000E+00 0.000000E+00 0.000000E+00
3.796140E+01 3.490000E-04 -1.147000E-03 -5.849000E-03 -1.240500E-02 -1.324840E-01 0.000000E+00 0.000000E+00 0.000000E+00
2.338020E+01 -1.499000E-03 4.270000E-03 2.113900E-02 3.946300E-02 4.485970E-01 0.000000E+00 0.000000E+00 0.000000E+00
1.437270E+01 9.300000E-03 -1.614900E-02 -4.716800E-02 -3.093700E-02 -6.302650E-01 0.000000E+00 0.000000E+00 0.000000E+00
6.654150E+00 -6.673600E-02 1.016560E-01 1.905930E-01 -1.963830E-01 4.723660E-01 0.000000E+00 0.000000E+00 0.000000E+00
2.202030E+00 2.007360E-01 -3.968020E-01 -1.058973E+00 2.436017E+00 1.958628E+00 0.000000E+00 0.000000E+00 0.000000E+00
1.222070E+00 3.346350E-01 -5.537970E-01 -1.808500E-02 -3.431387E+00 -5.339692E+00 0.000000E+00 0.000000E+00 0.000000E+00
6.600980E-01 3.302200E-01 1.165630E-01 1.351382E+00 1.126787E+00 6.632664E+00 0.000000E+00 0.000000E+00 0.000000E+00
3.460210E-01 2.287980E-01 5.310330E-01 -2.038810E-01 1.123832E+00 -4.762076E+00 0.000000E+00 0.000000E+00 0.000000E+00
1.747850E-01 1.025690E-01 3.419080E-01 -6.419630E-01 -8.229660E-01 1.578743E+00 0.000000E+00 0.000000E+00 0.000000E+00
8.311300E-02 1.860400E-02 6.262400E-02 -1.579490E-01 -2.717110E-01 2.092730E-01 1.000000E+00 0.000000E+00 0.000000E+00
3.798300E+00 0.000000E+00 0.000000E+00 0.000000E+00 0.000000E+00 0.000000E+00 0.000000E+00 1.000000E+00 0.000000E+00
2.141700E+00 0.000000E+00 0.000000E+00 0.000000E+00 0.000000E+00 0.000000E+00 0.000000E+00 0.000000E+00 1.000000E+00
Hg f
3.796400E+00 1.000000E+00 0.000000E+00 0.000000E+00 0.000000E+00 0.000000E+00
2.223700E+00 0.000000E+00 1.000000E+00 0.000000E+00 0.000000E+00 0.000000E+00
1.302600E+00 0.000000E+00 0.000000E+00 1.000000E+00 0.000000E+00 0.000000E+00
7.630000E-01 0.000000E+00 0.000000E+00 0.000000E+00 1.000000E+00 0.000000E+00
3.098000E-01 0.000000E+00 0.000000E+00 0.000000E+00 0.000000E+00 1.000000E+00
Hg g
3.700900E+00 1.000000E+00 0.000000E+00 0.000000E+00 0.000000E+00
2.227200E+00 0.000000E+00 1.000000E+00 0.000000E+00 0.000000E+00
1.340300E+00 0.000000E+00 0.000000E+00 1.000000E+00 0.000000E+00
5.639000E-01 0.000000E+00 0.000000E+00 0.000000E+00 1.000000E+00
Hg h
3.387300E+00 1.000000E+00 0.000000E+00 0.000000E+00
2.016100E+00 0.000000E+00 1.000000E+00 0.000000E+00
8.884000E-01 0.000000E+00 0.000000E+00 1.000000E+00
Hg i
3.372500E+00 1.000000E+00 0.000000E+00
1.826100E+00 0.000000E+00 1.000000E+00
END
