#
# K.A. Peterson and C. Puzzarini, Theor. Chem. Acc. 114, 283 (2005)
# Pseudopotential parameters (rel) from D. Figgen, G. Rauhut, M. Dolg, and H. Stoll, Chem. Phys. 311, 227 (2005)
# These can be downloaded from: http://www.theochem.uni-stuttgart.de/pseudopotentials/index.en.html
# Note: the -PP basis sets should be used ONLY with the appropriate Stuttgart/Koeln pseudopotentials
# Note: the -PP-nr basis sets should be used with the Stuttgart/Koeln ECPxxMHF (xx=10, 28, 60) pseudopotentials
# Pseudopotential-based correlation consistent polarized weighted Core Valence Triple- Basis Set for Cu
#

#BASIS SET:
Cu s
1.946350E+03 1.730000E-04 -4.300000E-05 -8.500000E-05 -3.310000E-04 0.000000E+00 0.000000E+00 0.000000E+00
2.779450E+02 9.580000E-04 -1.730000E-04 -4.180000E-04 7.840000E-04 0.000000E+00 0.000000E+00 0.000000E+00
6.001080E+01 -1.393200E-02 2.182000E-03 5.125000E-03 -1.993700E-02 0.000000E+00 0.000000E+00 0.000000E+00
3.751380E+01 6.667200E-02 -1.321500E-02 -2.807900E-02 -6.473000E-03 0.000000E+00 0.000000E+00 0.000000E+00
1.096880E+01 -4.144860E-01 9.546000E-02 2.066260E-01 4.304630E-01 0.000000E+00 0.000000E+00 0.000000E+00
2.335360E+00 7.319850E-01 -2.048920E-01 -6.763950E-01 -2.310357E+00 0.000000E+00 0.000000E+00 0.000000E+00
9.775800E-01 4.735590E-01 -2.429550E-01 6.890000E-03 2.298199E+00 0.000000E+00 0.000000E+00 0.000000E+00
1.858870E-01 2.886000E-02 2.128160E-01 1.677159E+00 3.918090E-01 0.000000E+00 0.000000E+00 0.000000E+00
9.485100E-02 -1.437800E-02 5.320730E-01 -4.592680E-01 -2.223827E+00 0.000000E+00 0.000000E+00 0.000000E+00
4.036300E-02 4.862000E-03 3.878720E-01 -9.889520E-01 1.525251E+00 1.000000E+00 0.000000E+00 0.000000E+00
4.172700E+00 0.000000E+00 0.000000E+00 0.000000E+00 0.000000E+00 0.000000E+00 1.000000E+00 0.000000E+00
2.609100E+00 0.000000E+00 0.000000E+00 0.000000E+00 0.000000E+00 0.000000E+00 0.000000E+00 1.000000E+00
Cu p
3.950250E+02 2.060000E-04 -5.100000E-05 -1.220000E-04 -3.940000E-04 0.000000E+00 0.000000E+00 0.000000E+00
6.478080E+01 3.872000E-03 -7.000000E-04 -1.242000E-03 -1.345000E-03 0.000000E+00 0.000000E+00 0.000000E+00
1.783350E+01 -8.316400E-02 1.708500E-02 3.521600E-02 7.917500E-02 0.000000E+00 0.000000E+00 0.000000E+00
4.359580E+00 3.467890E-01 -8.146800E-02 -1.894850E-01 -5.949390E-01 0.000000E+00 0.000000E+00 0.000000E+00
2.018160E+00 4.867620E-01 -1.198010E-01 -2.432280E-01 -4.104190E-01 0.000000E+00 0.000000E+00 0.000000E+00
9.023120E-01 2.722850E-01 -5.996200E-02 2.523400E-02 1.041898E+00 0.000000E+00 0.000000E+00 0.000000E+00
3.122900E-01 3.398600E-02 2.354600E-01 5.801290E-01 3.430100E-01 0.000000E+00 0.000000E+00 0.000000E+00
1.156800E-01 -3.690000E-03 5.603760E-01 4.825400E-01 -8.397400E-01 0.000000E+00 0.000000E+00 0.000000E+00
4.174500E-02 1.306000E-03 3.602290E-01 2.418300E-02 -3.229800E-02 1.000000E+00 0.000000E+00 0.000000E+00
8.465200E+00 0.000000E+00 0.000000E+00 0.000000E+00 0.000000E+00 0.000000E+00 1.000000E+00 0.000000E+00
2.178200E+00 0.000000E+00 0.000000E+00 0.000000E+00 0.000000E+00 0.000000E+00 0.000000E+00 1.000000E+00
Cu d
1.340680E+02 2.966000E-03 -3.679000E-03 4.526000E-03 0.000000E+00 0.000000E+00 0.000000E+00
4.224070E+01 2.733000E-02 -3.386100E-02 4.232500E-02 0.000000E+00 0.000000E+00 0.000000E+00
1.654670E+01 1.001680E-01 -1.283960E-01 1.662100E-01 0.000000E+00 0.000000E+00 0.000000E+00
7.012270E+00 2.319250E-01 -3.011240E-01 4.031220E-01 0.000000E+00 0.000000E+00 0.000000E+00
3.024460E+00 3.392610E-01 -3.197480E-01 7.130500E-02 0.000000E+00 0.000000E+00 0.000000E+00
1.264610E+00 3.452250E-01 8.455100E-02 -7.108880E-01 0.000000E+00 0.000000E+00 0.000000E+00
4.962380E-01 2.466370E-01 5.018780E-01 -1.463320E-01 0.000000E+00 0.000000E+00 0.000000E+00
1.731340E-01 9.160500E-02 4.012090E-01 8.012660E-01 1.000000E+00 0.000000E+00 0.000000E+00
5.941500E+00 0.000000E+00 0.000000E+00 0.000000E+00 0.000000E+00 1.000000E+00 0.000000E+00
3.380600E+00 0.000000E+00 0.000000E+00 0.000000E+00 0.000000E+00 0.000000E+00 1.000000E+00
Cu f
9.444600E+00 1.000000E+00 0.000000E+00 0.000000E+00
3.598300E+00 0.000000E+00 1.000000E+00 0.000000E+00
1.284800E+00 0.000000E+00 0.000000E+00 1.000000E+00
Cu g
8.618300E+00 1.000000E+00 0.000000E+00
3.452500E+00 0.000000E+00 1.000000E+00
#BASIS SET:
Ag s
2.226450E+02 7.000000E-04 -2.080000E-04 -2.500000E-04 -7.140000E-04 0.000000E+00 0.000000E+00 0.000000E+00
2.017250E+01 -7.980900E-02 2.280500E-02 2.102500E-02 7.265500E-02 0.000000E+00 0.000000E+00 0.000000E+00
1.271970E+01 4.589790E-01 -1.373250E-01 -1.682510E-01 -4.696600E-01 0.000000E+00 0.000000E+00 0.000000E+00
8.002110E+00 -5.218260E-01 1.730850E-01 1.442000E-01 5.845510E-01 0.000000E+00 0.000000E+00 0.000000E+00
5.020530E+00 -4.075440E-01 1.057550E-01 4.139110E-01 5.663560E-01 0.000000E+00 0.000000E+00 0.000000E+00
1.520850E+00 8.414580E-01 -3.140630E-01 -1.173940E+00 -3.222243E+00 0.000000E+00 0.000000E+00 0.000000E+00
6.949200E-01 4.956480E-01 -2.985340E-01 1.871810E-01 3.150263E+00 0.000000E+00 0.000000E+00 0.000000E+00
1.729330E-01 2.766000E-02 2.313240E-01 1.711685E+00 -1.517250E-01 0.000000E+00 0.000000E+00 0.000000E+00
8.189700E-02 -8.643000E-03 5.969110E-01 -5.350550E-01 -1.992131E+00 0.000000E+00 0.000000E+00 0.000000E+00
3.519000E-02 3.501000E-03 3.448480E-01 -8.921690E-01 1.574057E+00 1.000000E+00 0.000000E+00 0.000000E+00
2.225200E+00 0.000000E+00 0.000000E+00 0.000000E+00 0.000000E+00 0.000000E+00 1.000000E+00 0.000000E+00
1.396900E+00 0.000000E+00 0.000000E+00 0.000000E+00 0.000000E+00 0.000000E+00 0.000000E+00 1.000000E+00
Ag p
2.204900E+01 -5.886000E-03 5.940000E-04 2.235000E-03 8.729000E-03 0.000000E+00 0.000000E+00 0.000000E+00
1.383560E+01 7.635700E-02 -1.708000E-02 -3.836300E-02 -8.280900E-02 0.000000E+00 0.000000E+00 0.000000E+00
7.629940E+00 -2.661720E-01 6.794100E-02 1.454190E-01 2.865900E-01 0.000000E+00 0.000000E+00 0.000000E+00
2.103720E+00 4.622010E-01 -1.427200E-01 -3.278470E-01 -8.760860E-01 0.000000E+00 0.000000E+00 0.000000E+00
1.062620E+00 4.894950E-01 -1.683930E-01 -3.817440E-01 -3.443670E-01 0.000000E+00 0.000000E+00 0.000000E+00
5.193830E-01 2.000890E-01 -3.296000E-02 2.524550E-01 1.533453E+00 0.000000E+00 0.000000E+00 0.000000E+00
2.051990E-01 1.934500E-02 3.267400E-01 6.915130E-01 -2.330540E-01 0.000000E+00 0.000000E+00 0.000000E+00
8.297900E-02 -7.170000E-04 5.580540E-01 2.763110E-01 -7.471730E-01 0.000000E+00 0.000000E+00 0.000000E+00
3.314400E-02 3.960000E-04 2.652810E-01 9.280000E-03 1.045000E-03 1.000000E+00 0.000000E+00 0.000000E+00
3.535900E+00 0.000000E+00 0.000000E+00 0.000000E+00 0.000000E+00 0.000000E+00 1.000000E+00 0.000000E+00
1.240200E+00 0.000000E+00 0.000000E+00 0.000000E+00 0.000000E+00 0.000000E+00 0.000000E+00 1.000000E+00
Ag d
7.326650E+01 4.510000E-04 -6.060000E-04 4.890000E-04 0.000000E+00 0.000000E+00 0.000000E+00
1.877290E+01 5.984000E-03 -7.586000E-03 1.551700E-02 0.000000E+00 0.000000E+00 0.000000E+00
1.092370E+01 -1.896800E-02 2.463800E-02 -4.705600E-02 0.000000E+00 0.000000E+00 0.000000E+00
3.001970E+00 1.923860E-01 -3.135690E-01 6.569190E-01 0.000000E+00 0.000000E+00 0.000000E+00
1.471770E+00 3.721720E-01 -5.000300E-01 2.238260E-01 0.000000E+00 0.000000E+00 0.000000E+00
6.847640E-01 3.721880E-01 1.211390E-01 -1.106817E+00 0.000000E+00 0.000000E+00 0.000000E+00
3.003970E-01 2.300660E-01 5.946850E-01 1.657200E-01 0.000000E+00 0.000000E+00 0.000000E+00
1.201550E-01 6.424200E-02 3.049170E-01 7.113670E-01 1.000000E+00 0.000000E+00 0.000000E+00
4.452400E+00 0.000000E+00 0.000000E+00 0.000000E+00 0.000000E+00 1.000000E+00 0.000000E+00
1.574800E+00 0.000000E+00 0.000000E+00 0.000000E+00 0.000000E+00 0.000000E+00 1.000000E+00
Ag f
4.869800E+00 1.000000E+00 0.000000E+00 0.000000E+00
1.885700E+00 0.000000E+00 1.000000E+00 0.000000E+00
7.381000E-01 0.000000E+00 0.000000E+00 1.000000E+00
Ag g
3.499000E+00 1.000000E+00 0.000000E+00
1.575100E+00 0.000000E+00 1.000000E+00
#BASIS SET:
Au s
3.601260E+01 1.902900E-02 -6.777000E-03 3.909000E-03 -1.191400E-02 0.000000E+00 0.000000E+00 0.000000E+00
2.256450E+01 -1.678000E-01 6.000800E-02 3.376000E-02 1.330690E-01 0.000000E+00 0.000000E+00 0.000000E+00
1.416200E+01 4.966770E-01 -1.833280E-01 -1.660600E-01 -4.342870E-01 0.000000E+00 0.000000E+00 0.000000E+00
8.854870E+00 -2.662560E-01 1.147190E-01 -5.178900E-02 1.701570E-01 0.000000E+00 0.000000E+00 0.000000E+00
5.060720E+00 -6.998980E-01 2.488220E-01 7.950230E-01 1.064756E+00 0.000000E+00 0.000000E+00 0.000000E+00
1.474050E+00 8.731080E-01 -4.376710E-01 -1.805927E+00 -4.005536E+00 0.000000E+00 0.000000E+00 0.000000E+00
7.049130E-01 5.025820E-01 -3.311080E-01 5.612390E-01 4.402832E+00 0.000000E+00 0.000000E+00 0.000000E+00
2.177870E-01 3.219600E-02 2.741810E-01 1.878427E+00 -1.432163E+00 0.000000E+00 0.000000E+00 0.000000E+00
9.740800E-02 -5.503000E-03 6.377380E-01 -9.692290E-01 -1.143255E+00 0.000000E+00 0.000000E+00 0.000000E+00
4.121400E-02 2.519000E-03 3.092360E-01 -5.756350E-01 1.390869E+00 1.000000E+00 0.000000E+00 0.000000E+00
1.983400E+00 0.000000E+00 0.000000E+00 0.000000E+00 0.000000E+00 0.000000E+00 1.000000E+00 0.000000E+00
1.244800E+00 0.000000E+00 0.000000E+00 0.000000E+00 0.000000E+00 0.000000E+00 0.000000E+00 1.000000E+00
Au p
2.159540E+01 -1.321800E-02 3.080000E-03 7.086000E-03 1.292000E-02 0.000000E+00 0.000000E+00 0.000000E+00
1.351450E+01 8.019600E-02 -2.140600E-02 -4.749300E-02 -8.202900E-02 0.000000E+00 0.000000E+00 0.000000E+00
6.255140E+00 -2.966860E-01 8.677600E-02 1.918930E-01 3.386190E-01 0.000000E+00 0.000000E+00 0.000000E+00
1.718140E+00 5.289590E-01 -1.897740E-01 -4.636370E-01 -1.254992E+00 0.000000E+00 0.000000E+00 0.000000E+00
8.694390E-01 4.788890E-01 -1.858350E-01 -4.351380E-01 2.258130E-01 0.000000E+00 0.000000E+00 0.000000E+00
4.267590E-01 1.576200E-01 4.780000E-03 4.944030E-01 1.575879E+00 0.000000E+00 0.000000E+00 0.000000E+00
1.842970E-01 1.389700E-02 3.638360E-01 6.751140E-01 -8.043540E-01 0.000000E+00 0.000000E+00 0.000000E+00
7.637900E-02 8.350000E-04 5.417640E-01 1.315360E-01 -5.073130E-01 0.000000E+00 0.000000E+00 0.000000E+00
3.122000E-02 -2.900000E-05 2.345610E-01 2.471000E-03 1.020400E-02 1.000000E+00 0.000000E+00 0.000000E+00
2.663700E+00 0.000000E+00 0.000000E+00 0.000000E+00 0.000000E+00 0.000000E+00 1.000000E+00 0.000000E+00
1.141000E+00 0.000000E+00 0.000000E+00 0.000000E+00 0.000000E+00 0.000000E+00 0.000000E+00 1.000000E+00
Au d
8.702080E+01 4.400000E-05 -3.100000E-05 -4.400000E-05 0.000000E+00 0.000000E+00 0.000000E+00
1.106680E+01 1.428800E-02 -1.995900E-02 3.508300E-02 0.000000E+00 0.000000E+00 0.000000E+00
6.660470E+00 -6.887600E-02 9.532000E-02 -1.619420E-01 0.000000E+00 0.000000E+00 0.000000E+00
1.946960E+00 2.395590E-01 -4.213430E-01 1.042155E+00 0.000000E+00 0.000000E+00 0.000000E+00
9.847060E-01 3.873230E-01 -5.069330E-01 -2.648650E-01 0.000000E+00 0.000000E+00 0.000000E+00
4.746550E-01 3.487560E-01 2.854660E-01 -1.116305E+00 0.000000E+00 0.000000E+00 0.000000E+00
2.165580E-01 1.984920E-01 5.825650E-01 5.457620E-01 0.000000E+00 0.000000E+00 0.000000E+00
9.147200E-02 4.987900E-02 2.194620E-01 4.996220E-01 1.000000E+00 0.000000E+00 0.000000E+00
3.469600E+00 0.000000E+00 0.000000E+00 0.000000E+00 0.000000E+00 1.000000E+00 0.000000E+00
1.217100E+00 0.000000E+00 0.000000E+00 0.000000E+00 0.000000E+00 0.000000E+00 1.000000E+00
Au f
2.316100E+00 1.000000E+00 0.000000E+00 0.000000E+00
1.235300E+00 0.000000E+00 1.000000E+00 0.000000E+00
4.878000E-01 0.000000E+00 0.000000E+00 1.000000E+00
Au g
2.728300E+00 1.000000E+00 0.000000E+00
1.225700E+00 0.000000E+00 1.000000E+00
#BASIS SET:
Zn s
2.203410E+03 1.500000E-04 -3.800000E-05 1.330000E-04 4.580000E-04 0.000000E+00 0.000000E+00 0.000000E+00
3.155820E+02 8.300000E-04 -1.490000E-04 3.060000E-04 -2.665000E-03 0.000000E+00 0.000000E+00 0.000000E+00
6.645560E+01 -1.320000E-02 2.103000E-03 -2.654000E-03 5.339700E-02 0.000000E+00 0.000000E+00 0.000000E+00
4.166660E+01 6.308700E-02 -1.269200E-02 3.196900E-02 -5.358000E-02 0.000000E+00 0.000000E+00 0.000000E+00
1.183280E+01 -4.147250E-01 9.711000E-02 -3.133110E-01 -3.866060E-01 0.000000E+00 0.000000E+00 0.000000E+00
2.539960E+00 7.387780E-01 -2.118140E-01 1.233475E+00 2.521924E+00 0.000000E+00 0.000000E+00 0.000000E+00
1.059500E+00 4.718890E-01 -2.473130E-01 -5.532890E-01 -2.992614E+00 0.000000E+00 0.000000E+00 0.000000E+00
1.997510E-01 2.338400E-02 2.579730E-01 -2.063414E+00 1.951360E+00 0.000000E+00 0.000000E+00 0.000000E+00
1.016300E-01 -1.270000E-02 5.405670E-01 1.606717E+00 -4.226390E-01 0.000000E+00 0.000000E+00 0.000000E+00
4.256600E-02 2.944000E-03 3.415630E-01 2.700660E-01 -7.134850E-01 1.000000E+00 0.000000E+00 0.000000E+00
4.578600E+00 0.000000E+00 0.000000E+00 0.000000E+00 0.000000E+00 0.000000E+00 1.000000E+00 0.000000E+00
2.864100E+00 0.000000E+00 0.000000E+00 0.000000E+00 0.000000E+00 0.000000E+00 0.000000E+00 1.000000E+00
Zn p
5.582510E+02 1.280000E-04 -3.100000E-05 6.400000E-05 2.760000E-04 0.000000E+00 0.000000E+00 0.000000E+00
8.755010E+01 2.505000E-03 -4.320000E-04 6.900000E-04 5.640000E-04 0.000000E+00 0.000000E+00 0.000000E+00
1.967440E+01 -7.999200E-02 1.589400E-02 -2.888500E-02 -7.610400E-02 0.000000E+00 0.000000E+00 0.000000E+00
4.659690E+00 3.618820E-01 -8.185600E-02 1.630810E-01 6.145760E-01 0.000000E+00 0.000000E+00 0.000000E+00
2.139980E+00 4.894150E-01 -1.162980E-01 2.030330E-01 3.747180E-01 0.000000E+00 0.000000E+00 0.000000E+00
9.534370E-01 2.569110E-01 -5.309500E-02 1.961800E-02 -1.011022E+00 0.000000E+00 0.000000E+00 0.000000E+00
3.246550E-01 2.767000E-02 2.405910E-01 -5.551300E-01 -3.827690E-01 0.000000E+00 0.000000E+00 0.000000E+00
1.193480E-01 -3.017000E-03 5.573730E-01 -5.290840E-01 8.210210E-01 0.000000E+00 0.000000E+00 0.000000E+00
4.283600E-02 1.058000E-03 3.581640E-01 -2.315600E-02 2.141200E-02 1.000000E+00 0.000000E+00 0.000000E+00
9.219200E+00 0.000000E+00 0.000000E+00 0.000000E+00 0.000000E+00 0.000000E+00 1.000000E+00 0.000000E+00
2.349100E+00 0.000000E+00 0.000000E+00 0.000000E+00 0.000000E+00 0.000000E+00 0.000000E+00 1.000000E+00
Zn d
1.625730E+02 2.507000E-03 3.501000E-03 4.062000E-03 0.000000E+00 0.000000E+00 0.000000E+00
5.085000E+01 2.413700E-02 3.372600E-02 4.070700E-02 0.000000E+00 0.000000E+00 0.000000E+00
2.016790E+01 9.057100E-02 1.308020E-01 1.610480E-01 0.000000E+00 0.000000E+00 0.000000E+00
8.600950E+00 2.170330E-01 3.234790E-01 4.362390E-01 0.000000E+00 0.000000E+00 0.000000E+00
3.761080E+00 3.321450E-01 3.584120E-01 1.801700E-02 0.000000E+00 0.000000E+00 0.000000E+00
1.605610E+00 3.504780E-01 -1.122800E-01 -7.643560E-01 0.000000E+00 0.000000E+00 0.000000E+00
6.490060E-01 2.562230E-01 -5.354300E-01 -2.064200E-02 0.000000E+00 0.000000E+00 0.000000E+00
2.359550E-01 9.604200E-02 -3.190300E-01 7.751170E-01 1.000000E+00 0.000000E+00 0.000000E+00
6.686000E+00 0.000000E+00 0.000000E+00 0.000000E+00 0.000000E+00 1.000000E+00 0.000000E+00
4.041100E+00 0.000000E+00 0.000000E+00 0.000000E+00 0.000000E+00 0.000000E+00 1.000000E+00
Zn f
1.069650E+01 1.000000E+00 0.000000E+00 0.000000E+00
4.101300E+00 0.000000E+00 1.000000E+00 0.000000E+00
1.495000E+00 0.000000E+00 0.000000E+00 1.000000E+00
Zn g
9.752300E+00 1.000000E+00 0.000000E+00
4.087200E+00 0.000000E+00 1.000000E+00
#BASIS SET:
Cd s
2.574970E+02 7.680000E-04 -2.310000E-04 4.270000E-04 1.439000E-03 0.000000E+00 0.000000E+00 0.000000E+00
2.135460E+01 -7.819400E-02 2.227900E-02 -2.417600E-02 -1.719290E-01 0.000000E+00 0.000000E+00 0.000000E+00
1.348060E+01 4.609280E-01 -1.382050E-01 2.190290E-01 9.499110E-01 0.000000E+00 0.000000E+00 0.000000E+00
8.486510E+00 -5.362100E-01 1.777840E-01 -1.984150E-01 -1.517247E+00 0.000000E+00 0.000000E+00 0.000000E+00
5.325510E+00 -4.008230E-01 1.056950E-01 -5.647670E-01 1.055120E-01 0.000000E+00 0.000000E+00 0.000000E+00
1.626860E+00 8.553620E-01 -3.259540E-01 1.821516E+00 3.393983E+00 0.000000E+00 0.000000E+00 0.000000E+00
7.404690E-01 4.898680E-01 -2.993250E-01 -8.098690E-01 -4.047409E+00 0.000000E+00 0.000000E+00 0.000000E+00
1.809330E-01 2.202900E-02 2.821000E-01 -1.909851E+00 2.486971E+00 0.000000E+00 0.000000E+00 0.000000E+00
8.509600E-02 -8.360000E-03 6.020440E-01 1.436088E+00 -5.824690E-01 0.000000E+00 0.000000E+00 0.000000E+00
3.638400E-02 1.966000E-03 2.966350E-01 2.772270E-01 -6.802540E-01 1.000000E+00 0.000000E+00 0.000000E+00
2.384700E+00 0.000000E+00 0.000000E+00 0.000000E+00 0.000000E+00 0.000000E+00 1.000000E+00 0.000000E+00
1.497900E+00 0.000000E+00 0.000000E+00 0.000000E+00 0.000000E+00 0.000000E+00 0.000000E+00 1.000000E+00
Cd p
2.431650E+02 1.130000E-04 -3.700000E-05 -6.100000E-05 -8.600000E-05 0.000000E+00 0.000000E+00 0.000000E+00
1.395880E+01 6.967200E-02 -1.650700E-02 -3.305200E-02 -7.190400E-02 0.000000E+00 0.000000E+00 0.000000E+00
8.310010E+00 -2.536750E-01 6.366200E-02 1.255300E-01 2.712270E-01 0.000000E+00 0.000000E+00 0.000000E+00
2.202000E+00 4.824920E-01 -1.465210E-01 -3.052730E-01 -9.039590E-01 0.000000E+00 0.000000E+00 0.000000E+00
1.100720E+00 4.845500E-01 -1.561870E-01 -3.223690E-01 -2.760210E-01 0.000000E+00 0.000000E+00 0.000000E+00
5.359750E-01 1.796400E-01 -2.735500E-02 1.819080E-01 1.494614E+00 0.000000E+00 0.000000E+00 0.000000E+00
2.136540E-01 1.522900E-02 3.226010E-01 6.863790E-01 -2.070140E-01 0.000000E+00 0.000000E+00 0.000000E+00
8.546900E-02 -1.880000E-04 5.566980E-01 3.216860E-01 -7.304040E-01 0.000000E+00 0.000000E+00 0.000000E+00
3.382300E-02 2.340000E-04 2.700640E-01 7.322000E-03 5.147000E-03 1.000000E+00 0.000000E+00 0.000000E+00
3.894600E+00 0.000000E+00 0.000000E+00 0.000000E+00 0.000000E+00 0.000000E+00 1.000000E+00 0.000000E+00
1.311000E+00 0.000000E+00 0.000000E+00 0.000000E+00 0.000000E+00 0.000000E+00 0.000000E+00 1.000000E+00
Cd d
8.606660E+01 4.430000E-04 6.330000E-04 -3.260000E-04 0.000000E+00 0.000000E+00 0.000000E+00
2.263860E+01 5.006000E-03 7.305000E-03 -1.467700E-02 0.000000E+00 0.000000E+00 0.000000E+00
1.213840E+01 -1.607700E-02 -2.387200E-02 4.599000E-02 0.000000E+00 0.000000E+00 0.000000E+00
3.440810E+00 1.771520E-01 3.340440E-01 -6.525580E-01 0.000000E+00 0.000000E+00 0.000000E+00
1.717610E+00 3.666560E-01 5.448850E-01 -2.130730E-01 0.000000E+00 0.000000E+00 0.000000E+00
8.148490E-01 3.772260E-01 -1.745820E-01 1.146811E+00 0.000000E+00 0.000000E+00 0.000000E+00
3.660070E-01 2.339200E-01 -6.047310E-01 -2.158710E-01 0.000000E+00 0.000000E+00 0.000000E+00
1.502820E-01 6.458300E-02 -2.492790E-01 -7.322260E-01 1.000000E+00 0.000000E+00 0.000000E+00
5.034400E+00 0.000000E+00 0.000000E+00 0.000000E+00 0.000000E+00 1.000000E+00 0.000000E+00
1.804100E+00 0.000000E+00 0.000000E+00 0.000000E+00 0.000000E+00 0.000000E+00 1.000000E+00
Cd f
5.530600E+00 1.000000E+00 0.000000E+00 0.000000E+00
2.136100E+00 0.000000E+00 1.000000E+00 0.000000E+00
8.508000E-01 0.000000E+00 0.000000E+00 1.000000E+00
Cd g
3.891400E+00 1.000000E+00 0.000000E+00
1.801900E+00 0.000000E+00 1.000000E+00
#BASIS SET:
Hg s
9.830580E+01 1.033000E-03 -3.560000E-04 -2.170000E-04 -2.093000E-03 0.000000E+00 0.000000E+00 0.000000E+00
1.964060E+01 -1.063820E-01 3.790900E-02 -4.406700E-02 1.557830E-01 0.000000E+00 0.000000E+00 0.000000E+00
1.233970E+01 5.320730E-01 -2.000130E-01 2.876950E-01 -7.951410E-01 0.000000E+00 0.000000E+00 0.000000E+00
7.747820E+00 -5.223240E-01 2.240930E-01 -1.894760E-01 9.970540E-01 0.000000E+00 0.000000E+00 0.000000E+00
4.862910E+00 -5.373210E-01 1.793740E-01 -7.807040E-01 5.928610E-01 0.000000E+00 0.000000E+00 0.000000E+00
1.577190E+00 8.847880E-01 -4.508330E-01 2.175604E+00 -4.407197E+00 0.000000E+00 0.000000E+00 0.000000E+00
7.529260E-01 5.138340E-01 -3.390550E-01 -8.865840E-01 5.289837E+00 0.000000E+00 0.000000E+00 0.000000E+00
2.351120E-01 2.940700E-02 2.934140E-01 -1.874917E+00 -2.886633E+00 0.000000E+00 0.000000E+00 0.000000E+00
1.039680E-01 -6.159000E-03 6.446280E-01 1.247053E+00 3.158740E-01 0.000000E+00 0.000000E+00 0.000000E+00
4.340000E-02 1.384000E-03 2.916260E-01 3.523510E-01 8.226100E-01 1.000000E+00 0.000000E+00 0.000000E+00
2.130400E+00 0.000000E+00 0.000000E+00 0.000000E+00 0.000000E+00 0.000000E+00 1.000000E+00 0.000000E+00
1.337800E+00 0.000000E+00 0.000000E+00 0.000000E+00 0.000000E+00 0.000000E+00 0.000000E+00 1.000000E+00
Hg p
2.140650E+01 -1.283700E-02 2.669000E-03 6.140000E-03 1.301400E-02 0.000000E+00 0.000000E+00 0.000000E+00
1.339290E+01 8.653100E-02 -2.187700E-02 -4.805600E-02 -8.909700E-02 0.000000E+00 0.000000E+00 0.000000E+00
6.510210E+00 -3.080410E-01 8.653900E-02 1.891060E-01 3.480200E-01 0.000000E+00 0.000000E+00 0.000000E+00
1.822220E+00 5.327940E-01 -1.847680E-01 -4.381190E-01 -1.218447E+00 0.000000E+00 0.000000E+00 0.000000E+00
9.265070E-01 4.822070E-01 -1.773950E-01 -4.321930E-01 1.232280E-01 0.000000E+00 0.000000E+00 0.000000E+00
4.550820E-01 1.546950E-01 9.770000E-04 4.570570E-01 1.628438E+00 0.000000E+00 0.000000E+00 0.000000E+00
1.927600E-01 1.320100E-02 3.536030E-01 6.953570E-01 -7.824510E-01 0.000000E+00 0.000000E+00 0.000000E+00
7.868900E-02 5.850000E-04 5.435820E-01 1.420160E-01 -5.112540E-01 0.000000E+00 0.000000E+00 0.000000E+00
3.172900E-02 2.000000E-05 2.455390E-01 2.030000E-03 1.651100E-02 1.000000E+00 0.000000E+00 0.000000E+00
2.822800E+00 0.000000E+00 0.000000E+00 0.000000E+00 0.000000E+00 0.000000E+00 1.000000E+00 0.000000E+00
1.194900E+00 0.000000E+00 0.000000E+00 0.000000E+00 0.000000E+00 0.000000E+00 0.000000E+00 1.000000E+00
Hg d
8.698810E+01 5.800000E-05 5.000000E-05 -4.300000E-05 0.000000E+00 0.000000E+00 0.000000E+00
1.199130E+01 1.277900E-02 1.924600E-02 3.376000E-02 0.000000E+00 0.000000E+00 0.000000E+00
6.936480E+00 -6.896300E-02 -1.034870E-01 -1.746100E-01 0.000000E+00 0.000000E+00 0.000000E+00
2.086410E+00 2.415630E-01 4.847690E-01 1.201702E+00 0.000000E+00 0.000000E+00 0.000000E+00
1.076640E+00 3.878580E-01 5.069510E-01 -5.030930E-01 0.000000E+00 0.000000E+00 0.000000E+00
5.311530E-01 3.454410E-01 -3.625720E-01 -1.129999E+00 0.000000E+00 0.000000E+00 0.000000E+00
2.488080E-01 1.915090E-01 -5.729800E-01 7.749310E-01 0.000000E+00 0.000000E+00 0.000000E+00
1.081700E-01 4.650200E-02 -1.666370E-01 3.655340E-01 1.000000E+00 0.000000E+00 0.000000E+00
3.715300E+00 0.000000E+00 0.000000E+00 0.000000E+00 0.000000E+00 1.000000E+00 0.000000E+00
1.357300E+00 0.000000E+00 0.000000E+00 0.000000E+00 0.000000E+00 0.000000E+00 1.000000E+00
Hg f
2.488200E+00 1.000000E+00 0.000000E+00 0.000000E+00
1.347900E+00 0.000000E+00 1.000000E+00 0.000000E+00
5.423000E-01 0.000000E+00 0.000000E+00 1.000000E+00
Hg g
2.966800E+00 1.000000E+00 0.000000E+00
1.373700E+00 0.000000E+00 1.000000E+00
END
