#
#D.H. Bross and K.A. Peterson, Theor. Chem. Acc. 133, 1434 (2014).Douglas-Kroll correlation consistent polarized  Valence Triple- Basis Set for In
#

#BASIS SET:
In s
4.436065E+08 3.4614600E-05 -1.1828000E-05 5.1994200E-06 -2.2325600E-06 6.2112900E-07 0.0000000E+00 0.0000000E+00
7.496149E+07 8.6250500E-05 -2.9471800E-05 1.2955300E-05 -5.5628200E-06 1.5476200E-06 0.0000000E+00 0.0000000E+00
1.621421E+07 2.3674900E-04 -8.0925600E-05 3.5575800E-05 -1.5275900E-05 4.2500100E-06 0.0000000E+00 0.0000000E+00
4.286444E+06 5.3304200E-04 -1.8236400E-04 8.0178000E-05 -3.4428200E-05 9.5782000E-06 0.0000000E+00 0.0000000E+00
1.330849E+06 1.1175400E-03 -3.8291400E-04 1.6839200E-04 -7.2311600E-05 2.0118900E-05 0.0000000E+00 0.0000000E+00
4.690714E+05 2.1814400E-03 -7.4942000E-04 3.2968000E-04 -1.4157800E-04 3.9387200E-05 0.0000000E+00 0.0000000E+00
1.824060E+05 4.1272000E-03 -1.4233500E-03 6.2654700E-04 -2.6911400E-04 7.4883900E-05 0.0000000E+00 0.0000000E+00
7.643735E+04 7.6741800E-03 -2.6633700E-03 1.1732800E-03 -5.0397300E-04 1.4018800E-04 0.0000000E+00 0.0000000E+00
3.386732E+04 1.4316400E-02 -5.0136300E-03 2.2120800E-03 -9.5063900E-04 2.6462200E-04 0.0000000E+00 0.0000000E+00
1.563060E+04 2.6977100E-02 -9.5922700E-03 4.2397400E-03 -1.8222000E-03 5.0672800E-04 0.0000000E+00 0.0000000E+00
7.429677E+03 5.1386800E-02 -1.8704400E-02 8.3007000E-03 -3.5717900E-03 9.9495700E-04 0.0000000E+00 0.0000000E+00
3.607574E+03 9.6984600E-02 -3.6813000E-02 1.6424200E-02 -7.0714600E-03 1.9660000E-03 0.0000000E+00 0.0000000E+00
1.779653E+03 1.7313000E-01 -7.0657100E-02 3.1903500E-02 -1.3777900E-02 3.8428500E-03 0.0000000E+00 0.0000000E+00
8.890555E+02 2.6658300E-01 -1.2459700E-01 5.7371100E-02 -2.4855700E-02 6.9118200E-03 0.0000000E+00 0.0000000E+00
4.491276E+02 3.0093100E-01 -1.7610400E-01 8.4360600E-02 -3.6888500E-02 1.0329200E-02 0.0000000E+00 0.0000000E+00
2.294086E+02 1.8878600E-01 -1.3348800E-01 6.7000600E-02 -2.9518700E-02 8.1709000E-03 0.0000000E+00 0.0000000E+00
1.185713E+02 4.1978000E-02 1.3516500E-01 -8.4923900E-02 3.8951700E-02 -1.0781600E-02 0.0000000E+00 0.0000000E+00
6.208556E+01 2.0549900E-03 4.9725600E-01 -3.9744700E-01 1.9402700E-01 -5.5623700E-02 0.0000000E+00 0.0000000E+00
3.297132E+01 -1.1256500E-04 4.3019500E-01 -4.6913500E-01 2.4237000E-01 -6.8726500E-02 0.0000000E+00 0.0000000E+00
1.777028E+01 1.8879400E-04 1.1116500E-01 5.7696400E-02 -3.2787000E-02 7.0570200E-03 0.0000000E+00 0.0000000E+00
9.716880E+00 -2.5010300E-04 8.7039900E-03 6.9651600E-01 -5.7452700E-01 1.8616300E-01 0.0000000E+00 0.0000000E+00
5.381261E+00 1.5102800E-04 -2.7944300E-04 4.8214500E-01 -6.3450100E-01 2.0538900E-01 0.0000000E+00 0.0000000E+00
3.007489E+00 -8.3194800E-05 3.6292300E-04 7.9240600E-02 2.7224600E-01 -1.1014600E-01 0.0000000E+00 0.0000000E+00
1.492870E+00 3.8136800E-05 -3.2822000E-04 7.3169600E-03 8.2465000E-01 -3.9352800E-01 0.0000000E+00 0.0000000E+00
7.289785E-01 -1.2493300E-05 6.7551400E-05 -9.9661400E-05 3.6892400E-01 -2.8176500E-01 0.0000000E+00 0.0000000E+00
2.195798E-01 4.4442600E-06 -3.1436700E-05 3.2145500E-04 1.5381900E-02 3.8323500E-01 1.0000000E+00 0.0000000E+00
1.034893E-01 -2.7702900E-06 1.9686000E-05 -1.9246900E-04 -4.2637500E-03 6.0415100E-01 0.0000000E+00 0.0000000E+00
4.626108E-02 7.8627600E-07 -5.5233300E-06 5.2620200E-05 9.9071900E-04 2.3997500E-01 0.0000000E+00 1.0000000E+00
In p
2.391995E+06 1.6384000E-05 -7.5118700E-06 -3.0729100E-06 -6.1329000E-07 0.0000000E+00 0.0000000E+00
3.823015E+05 5.8141000E-05 -2.6683200E-05 -1.0916900E-05 -2.1782700E-06 0.0000000E+00 0.0000000E+00
8.322868E+04 2.0948200E-04 -9.6267800E-05 -3.9400400E-05 -7.8669900E-06 0.0000000E+00 0.0000000E+00
2.305570E+04 7.0979800E-04 -3.2699500E-04 -1.3385900E-04 -2.6694600E-05 0.0000000E+00 0.0000000E+00
7.681445E+03 2.3755600E-03 -1.0982200E-03 -4.5006200E-04 -8.9952300E-05 0.0000000E+00 0.0000000E+00
2.940123E+03 7.7422400E-03 -3.6028000E-03 -1.4773400E-03 -2.9443400E-04 0.0000000E+00 0.0000000E+00
1.246511E+03 2.3803800E-02 -1.1206000E-02 -4.6088000E-03 -9.2228400E-04 0.0000000E+00 0.0000000E+00
5.689973E+02 6.6280800E-02 -3.1916800E-02 -1.3170900E-02 -2.6255200E-03 0.0000000E+00 0.0000000E+00
2.737046E+02 1.5630100E-01 -7.8124400E-02 -3.2506200E-02 -6.5202200E-03 0.0000000E+00 0.0000000E+00
1.365712E+02 2.8666500E-01 -1.5103100E-01 -6.3440400E-02 -1.2658400E-02 0.0000000E+00 0.0000000E+00
6.989327E+01 3.5444500E-01 -1.9365400E-01 -8.2230800E-02 -1.6613100E-02 0.0000000E+00 0.0000000E+00
3.639363E+01 2.2993300E-01 -5.1303900E-02 -1.2043600E-02 -1.8536800E-03 0.0000000E+00 0.0000000E+00
1.916628E+01 5.8431400E-02 2.8946400E-01 1.6527500E-01 3.3849800E-02 0.0000000E+00 0.0000000E+00
1.015664E+01 4.3852100E-03 5.1206300E-01 3.3145700E-01 7.1947200E-02 0.0000000E+00 0.0000000E+00
5.386172E+00 1.5943800E-04 2.8542300E-01 1.3284300E-01 2.2420800E-02 0.0000000E+00 0.0000000E+00
2.838334E+00 -3.3914200E-05 4.3437800E-02 -3.8535200E-01 -9.6215300E-02 0.0000000E+00 0.0000000E+00
1.411205E+00 -8.1108300E-05 3.7259000E-03 -5.6050300E-01 -1.5913600E-01 0.0000000E+00 0.0000000E+00
6.698350E-01 -3.3900800E-07 -7.7869500E-05 -2.5285500E-01 -5.9410700E-02 0.0000000E+00 0.0000000E+00
2.436306E-01 -6.9277000E-06 1.8253300E-04 -2.0539500E-02 2.2131900E-01 1.0000000E+00 0.0000000E+00
1.031136E-01 3.0072800E-06 -9.2230400E-05 1.6526500E-03 5.0589700E-01 0.0000000E+00 0.0000000E+00
3.965244E-02 -7.9227500E-07 2.4113800E-05 -6.3067400E-04 4.2141500E-01 0.0000000E+00 1.0000000E+00
In d
3.463864E+03 1.6159600E-04 -5.7458700E-05 0.0000000E+00 0.0000000E+00
9.766475E+02 1.3635300E-03 -4.8559400E-04 0.0000000E+00 0.0000000E+00
3.616660E+02 8.0264700E-03 -2.8716500E-03 0.0000000E+00 0.0000000E+00
1.566565E+02 3.2716500E-02 -1.1779700E-02 0.0000000E+00 0.0000000E+00
7.391845E+01 1.0034400E-01 -3.6625400E-02 0.0000000E+00 0.0000000E+00
3.654534E+01 2.2455600E-01 -8.2662100E-02 0.0000000E+00 0.0000000E+00
1.857461E+01 3.4316400E-01 -1.2233700E-01 0.0000000E+00 0.0000000E+00
9.593488E+00 3.3647200E-01 -1.0037500E-01 0.0000000E+00 0.0000000E+00
4.952156E+00 1.6329200E-01 8.0565800E-02 0.0000000E+00 0.0000000E+00
2.489669E+00 2.8934500E-02 3.2754400E-01 0.0000000E+00 0.0000000E+00
1.200088E+00 1.2944000E-03 4.1494600E-01 0.0000000E+00 0.0000000E+00
5.547955E-01 9.0333000E-05 2.9063900E-01 0.0000000E+00 0.0000000E+00
2.419089E-01 -1.3863900E-05 9.4208000E-02 1.0000000E+00 0.0000000E+00
9.017915E-02 9.0700700E-07 6.0970300E-03 0.0000000E+00 1.0000000E+00
In f
2.543818E-01 1.0000000E+00
#BASIS SET:
Sn s
4.682122E+08 3.6354200E-05 -1.2471300E-05 5.5079900E-06 -2.3962800E-06 7.1907000E-07 0.0000000E+00 0.0000000E+00
7.478291E+07 9.5294900E-05 -3.2689800E-05 1.4437400E-05 -6.2810400E-06 1.8847600E-06 0.0000000E+00 0.0000000E+00
1.593088E+07 2.5641200E-04 -8.7991600E-05 3.8864000E-05 -1.6908200E-05 5.0738200E-06 0.0000000E+00 0.0000000E+00
4.255039E+06 5.6454200E-04 -1.9390400E-04 8.5652200E-05 -3.7264500E-05 1.1181900E-05 0.0000000E+00 0.0000000E+00
1.352709E+06 1.1492600E-03 -3.9534900E-04 1.7468200E-04 -7.6003600E-05 2.2808100E-05 0.0000000E+00 0.0000000E+00
4.902998E+05 2.1840500E-03 -7.5328100E-04 3.3293100E-04 -1.4486200E-04 4.3467000E-05 0.0000000E+00 0.0000000E+00
1.956812E+05 4.0456900E-03 -1.4006800E-03 6.1949400E-04 -2.6960100E-04 8.0917300E-05 0.0000000E+00 0.0000000E+00
8.366405E+04 7.4172800E-03 -2.5836300E-03 1.1433900E-03 -4.9761500E-04 1.4929200E-04 0.0000000E+00 0.0000000E+00
3.752734E+04 1.3738500E-02 -4.8277300E-03 2.1401800E-03 -9.3188600E-04 2.7980000E-04 0.0000000E+00 0.0000000E+00
1.739332E+04 2.5862500E-02 -9.2213200E-03 4.0938400E-03 -1.7827200E-03 5.3469900E-04 0.0000000E+00 0.0000000E+00
8.244896E+03 4.9469800E-02 -1.8045300E-02 8.0454500E-03 -3.5075000E-03 1.0538300E-03 0.0000000E+00 0.0000000E+00
3.972629E+03 9.4196100E-02 -3.5774900E-02 1.6026700E-02 -6.9914500E-03 2.0966300E-03 0.0000000E+00 0.0000000E+00
1.940035E+03 1.7013100E-01 -6.9355400E-02 3.1450300E-02 -1.3759800E-02 4.1391200E-03 0.0000000E+00 0.0000000E+00
9.598419E+02 2.6529800E-01 -1.2340800E-01 5.7013900E-02 -2.5026600E-02 7.5073900E-03 0.0000000E+00 0.0000000E+00
4.817090E+02 3.0317400E-01 -1.7601300E-01 8.4624700E-02 -3.7484400E-02 1.1320800E-02 0.0000000E+00 0.0000000E+00
2.457328E+02 1.9423500E-01 -1.3727300E-01 6.8978700E-02 -3.0793900E-02 9.1969700E-03 0.0000000E+00 0.0000000E+00
1.276853E+02 4.5803500E-02 1.1722800E-01 -7.3792400E-02 3.4289100E-02 -1.0205100E-02 0.0000000E+00 0.0000000E+00
6.766692E+01 2.5686000E-03 4.7114300E-01 -3.7273200E-01 1.8401400E-01 -5.6994900E-02 0.0000000E+00 0.0000000E+00
3.656173E+01 -1.1977500E-04 4.4201100E-01 -4.7246700E-01 2.4649000E-01 -7.5343900E-02 0.0000000E+00 0.0000000E+00
2.008594E+01 2.1970000E-04 1.3694500E-01 -3.2043100E-02 2.0084500E-02 -9.3379100E-03 0.0000000E+00 0.0000000E+00
1.115223E+01 -2.6657400E-04 1.2387200E-02 6.4068200E-01 -5.0933500E-01 1.7758000E-01 0.0000000E+00 0.0000000E+00
6.195252E+00 1.4705700E-04 4.2544600E-04 5.6173500E-01 -7.0990800E-01 2.5036000E-01 0.0000000E+00 0.0000000E+00
3.392243E+00 -8.0279500E-05 7.3103900E-05 1.1036100E-01 1.7077200E-01 -7.9359000E-02 0.0000000E+00 0.0000000E+00
1.692210E+00 3.9150600E-05 -2.1748900E-04 7.9841300E-03 8.4199100E-01 -4.3234900E-01 0.0000000E+00 0.0000000E+00
8.337368E-01 -1.3374200E-05 2.1654100E-05 9.2010500E-05 4.1385100E-01 -3.4154200E-01 0.0000000E+00 0.0000000E+00
2.674841E-01 4.9982300E-06 -1.6469100E-05 3.1188300E-04 1.9361700E-02 4.0026800E-01 1.0000000E+00 0.0000000E+00
1.279406E-01 -3.0338200E-06 1.0562600E-05 -1.9340400E-04 -4.7538800E-03 6.2406500E-01 0.0000000E+00 0.0000000E+00
5.768231E-02 8.3361200E-07 -2.7007000E-06 4.9124800E-05 1.0996400E-03 2.3402300E-01 0.0000000E+00 1.0000000E+00
Sn p
2.798244E+06 1.5792100E-05 -7.2844000E-06 -3.0333900E-06 -7.0958500E-07 0.0000000E+00 0.0000000E+00
4.422990E+05 5.5955900E-05 -2.5834400E-05 -1.0759300E-05 -2.5164500E-06 0.0000000E+00 0.0000000E+00
9.550534E+04 1.9929000E-04 -9.2143000E-05 -3.8390200E-05 -8.9835900E-06 0.0000000E+00 0.0000000E+00
2.628073E+04 6.6581100E-04 -3.0852800E-04 -1.2856500E-04 -3.0057600E-05 0.0000000E+00 0.0000000E+00
8.703660E+03 2.1992900E-03 -1.0229500E-03 -4.2675600E-04 -9.9946700E-05 0.0000000E+00 0.0000000E+00
3.312470E+03 7.1087800E-03 -3.3259200E-03 -1.3882000E-03 -3.2441000E-04 0.0000000E+00 0.0000000E+00
1.396777E+03 2.1853800E-02 -1.0343800E-02 -4.3304000E-03 -1.0153100E-03 0.0000000E+00 0.0000000E+00
6.344685E+02 6.1306600E-02 -2.9629400E-02 -1.2442600E-02 -2.9088300E-03 0.0000000E+00 0.0000000E+00
3.039916E+02 1.4690600E-01 -7.3666100E-02 -3.1192300E-02 -7.3297900E-03 0.0000000E+00 0.0000000E+00
1.513054E+02 2.7578000E-01 -1.4544500E-01 -6.2147400E-02 -1.4549600E-02 0.0000000E+00 0.0000000E+00
7.739417E+01 3.5445700E-01 -1.9551900E-01 -8.4639200E-02 -2.0017600E-02 0.0000000E+00 0.0000000E+00
4.037608E+01 2.4553600E-01 -7.3332600E-02 -2.3294100E-02 -4.9160000E-03 0.0000000E+00 0.0000000E+00
2.136087E+01 6.9377500E-02 2.5500500E-01 1.4944900E-01 3.6083900E-02 0.0000000E+00 0.0000000E+00
1.140144E+01 5.9601500E-03 5.0620000E-01 3.3024800E-01 8.3991900E-02 0.0000000E+00 0.0000000E+00
6.103777E+00 2.1723500E-04 3.1770000E-01 1.7771600E-01 3.9154600E-02 0.0000000E+00 0.0000000E+00
3.251674E+00 -2.8804800E-05 5.7576300E-02 -3.4301300E-01 -1.0343600E-01 0.0000000E+00 0.0000000E+00
1.635136E+00 -9.4129800E-05 4.8635600E-03 -5.7464600E-01 -1.9159900E-01 0.0000000E+00 0.0000000E+00
7.926676E-01 9.0330200E-07 -1.1387700E-04 -2.8534300E-01 -9.0798100E-02 0.0000000E+00 0.0000000E+00
3.117222E-01 -8.8703200E-06 2.3600200E-04 -2.7255000E-02 2.2819900E-01 1.0000000E+00 0.0000000E+00
1.384263E-01 3.8662500E-06 -1.1847600E-04 1.6171800E-03 5.2893400E-01 0.0000000E+00 0.0000000E+00
5.463577E-02 -9.0296400E-07 2.8439500E-05 -6.8893500E-04 3.9909000E-01 0.0000000E+00 1.0000000E+00
Sn d
3.880017E+03 1.4679100E-04 -5.4504600E-05 0.0000000E+00 0.0000000E+00
1.087186E+03 1.2327500E-03 -4.5876700E-04 0.0000000E+00 0.0000000E+00
4.014893E+02 7.2604800E-03 -2.7124900E-03 0.0000000E+00 0.0000000E+00
1.738783E+02 2.9881400E-02 -1.1241100E-02 0.0000000E+00 0.0000000E+00
8.216334E+01 9.2843900E-02 -3.5371100E-02 0.0000000E+00 0.0000000E+00
4.071658E+01 2.1292500E-01 -8.2038000E-02 0.0000000E+00 0.0000000E+00
2.076081E+01 3.3541200E-01 -1.2552000E-01 0.0000000E+00 0.0000000E+00
1.077750E+01 3.4251200E-01 -1.1083300E-01 0.0000000E+00 0.0000000E+00
5.616890E+00 1.7867600E-01 6.2742000E-02 0.0000000E+00 0.0000000E+00
2.860219E+00 3.5855500E-02 3.1905100E-01 0.0000000E+00 0.0000000E+00
1.402527E+00 1.7575700E-03 4.2217800E-01 0.0000000E+00 0.0000000E+00
6.638352E-01 1.3516000E-04 2.9516700E-01 0.0000000E+00 0.0000000E+00
2.969841E-01 -3.5518100E-05 9.2233800E-02 1.0000000E+00 0.0000000E+00
1.148072E-01 3.6755100E-06 6.4581100E-03 0.0000000E+00 1.0000000E+00
Sn f
2.818663E-01 1.0000000E+00
#BASIS SET:
Sb s
4.900122E+08 3.8391300E-05 -1.3221900E-05 5.8658800E-06 -2.5844100E-06 8.2030800E-07 0.0000000E+00 0.0000000E+00
7.431974E+07 1.0477100E-04 -3.6081300E-05 1.6007100E-05 -7.0524400E-06 2.2384500E-06 0.0000000E+00 0.0000000E+00
1.576199E+07 2.7386300E-04 -9.4349200E-05 4.1860300E-05 -1.8443200E-05 5.8540400E-06 0.0000000E+00 0.0000000E+00
4.308006E+06 5.8243500E-04 -2.0083600E-04 8.9114500E-05 -3.9263400E-05 1.2462200E-05 0.0000000E+00 0.0000000E+00
1.418862E+06 1.1418200E-03 -3.9433100E-04 1.7502100E-04 -7.7118900E-05 2.4479400E-05 0.0000000E+00 0.0000000E+00
5.335315E+05 2.1024900E-03 -7.2791400E-04 3.2315800E-04 -1.4239600E-04 4.5194400E-05 0.0000000E+00 0.0000000E+00
2.196008E+05 3.8133500E-03 -1.3250500E-03 5.8869700E-04 -2.5945200E-04 8.2368300E-05 0.0000000E+00 0.0000000E+00
9.585735E+04 6.9184000E-03 -2.4176900E-03 1.0746200E-03 -4.7362700E-04 1.5030400E-04 0.0000000E+00 0.0000000E+00
4.338992E+04 1.2801900E-02 -4.5114100E-03 2.0088400E-03 -8.8576900E-04 2.8129500E-04 0.0000000E+00 0.0000000E+00
2.007210E+04 2.4255400E-02 -8.6651400E-03 3.8630400E-03 -1.7036000E-03 5.4054300E-04 0.0000000E+00 0.0000000E+00
9.413376E+03 4.6952500E-02 -1.7146100E-02 7.6766300E-03 -3.3887800E-03 1.0767500E-03 0.0000000E+00 0.0000000E+00
4.462912E+03 9.0852600E-02 -3.4480700E-02 1.5506500E-02 -6.8506300E-03 2.1736400E-03 0.0000000E+00 0.0000000E+00
2.141272E+03 1.6695300E-01 -6.7884500E-02 3.0897800E-02 -1.3686300E-02 4.3533600E-03 0.0000000E+00 0.0000000E+00
1.043467E+03 2.6432800E-01 -1.2218500E-01 5.6622300E-02 -2.5170800E-02 7.9901600E-03 0.0000000E+00 0.0000000E+00
5.189794E+02 3.0557600E-01 -1.7569300E-01 8.4717000E-02 -3.7985000E-02 1.2129000E-02 0.0000000E+00 0.0000000E+00
2.647025E+02 2.0014000E-01 -1.4122600E-01 7.1031900E-02 -3.2125500E-02 1.0162700E-02 0.0000000E+00 0.0000000E+00
1.389190E+02 5.1014500E-02 9.3062900E-02 -5.8721000E-02 2.7648900E-02 -8.6722100E-03 0.0000000E+00 0.0000000E+00
7.506395E+01 3.4845600E-03 4.2997100E-01 -3.3414900E-01 1.6635400E-01 -5.4552900E-02 0.0000000E+00 0.0000000E+00
4.161719E+01 -1.0135500E-04 4.5211400E-01 -4.6601000E-01 2.4487700E-01 -7.9165700E-02 0.0000000E+00 0.0000000E+00
2.346669E+01 2.3675700E-04 1.7827700E-01 -1.4760100E-01 8.6364600E-02 -3.1783100E-02 0.0000000E+00 0.0000000E+00
1.325010E+01 -2.5674000E-04 2.2180900E-02 5.3512700E-01 -4.0157500E-01 1.4665500E-01 0.0000000E+00 0.0000000E+00
7.317033E+00 1.1602100E-04 1.0935700E-03 6.7131300E-01 -7.9005000E-01 2.9677400E-01 0.0000000E+00 0.0000000E+00
3.823780E+00 -6.4664900E-05 -4.6113200E-05 1.6277800E-01 1.3630600E-02 -1.9626100E-02 0.0000000E+00 0.0000000E+00
1.953459E+00 3.5736700E-05 -1.6159200E-04 4.7294800E-03 8.5454800E-01 -4.5569300E-01 0.0000000E+00 0.0000000E+00
9.628099E-01 -1.2148700E-05 -1.2919700E-05 1.9440700E-03 4.8101300E-01 -4.1503400E-01 0.0000000E+00 0.0000000E+00
3.247322E-01 4.8034000E-06 -4.4989500E-06 -2.6467400E-04 2.5883200E-02 3.7988800E-01 1.0000000E+00 0.0000000E+00
1.578680E-01 -2.8530700E-06 3.9733900E-06 1.2939700E-04 -5.5663700E-03 6.5640800E-01 0.0000000E+00 0.0000000E+00
7.078872E-02 7.4464000E-07 -6.2774100E-07 -4.1956100E-05 1.2527300E-03 2.4747400E-01 0.0000000E+00 1.0000000E+00
Sb p
3.213933E+06 1.5399800E-05 -7.1448200E-06 3.0265700E-06 -7.8438100E-07 0.0000000E+00 0.0000000E+00
5.064137E+05 5.4135800E-05 -2.5138500E-05 1.0650100E-05 -2.7597400E-06 0.0000000E+00 0.0000000E+00
1.089099E+05 1.9053500E-04 -8.8611200E-05 3.7555400E-05 -9.7360200E-06 0.0000000E+00 0.0000000E+00
2.982465E+04 6.2777500E-04 -2.9254900E-04 1.2401100E-04 -3.2125000E-05 0.0000000E+00 0.0000000E+00
9.824095E+03 2.0479500E-03 -9.5814200E-04 4.0660700E-04 -1.0548800E-04 0.0000000E+00 0.0000000E+00
3.717987E+03 6.5647800E-03 -3.0876000E-03 1.3109500E-03 -3.3948900E-04 0.0000000E+00 0.0000000E+00
1.559384E+03 2.0159000E-02 -9.5918400E-03 4.0843700E-03 -1.0607400E-03 0.0000000E+00 0.0000000E+00
7.050477E+02 5.6863900E-02 -2.7583400E-02 1.1780900E-02 -3.0522600E-03 0.0000000E+00 0.0000000E+00
3.366439E+02 1.3810500E-01 -6.9470700E-02 2.9911400E-02 -7.7854300E-03 0.0000000E+00 0.0000000E+00
1.672506E+02 2.6466600E-01 -1.3973200E-01 6.0704100E-02 -1.5754600E-02 0.0000000E+00 0.0000000E+00
8.556110E+01 3.5259700E-01 -1.9590400E-01 8.6326400E-02 -2.2608600E-02 0.0000000E+00 0.0000000E+00
4.473914E+01 2.6011500E-01 -9.3439600E-02 3.4001600E-02 -8.3170400E-03 0.0000000E+00 0.0000000E+00
2.377574E+01 8.1426300E-02 2.2022800E-01 -1.3303300E-01 3.5747000E-02 0.0000000E+00 0.0000000E+00
1.277339E+01 8.0538300E-03 4.9598100E-01 -3.2565700E-01 9.1805500E-02 0.0000000E+00 0.0000000E+00
6.893943E+00 2.9158200E-04 3.4894500E-01 -2.1961000E-01 5.6649900E-02 0.0000000E+00 0.0000000E+00
3.705729E+00 -1.9851300E-05 7.4293500E-02 2.9904300E-01 -1.0287500E-01 0.0000000E+00 0.0000000E+00
1.876906E+00 -1.0690400E-04 6.3736100E-03 5.8620200E-01 -2.1751800E-01 0.0000000E+00 0.0000000E+00
9.238629E-01 1.5025500E-06 -1.4093300E-04 3.1658400E-01 -1.2107500E-01 0.0000000E+00 0.0000000E+00
3.816548E-01 -1.0532300E-05 2.8356000E-04 3.4329600E-02 2.2960800E-01 1.0000000E+00 0.0000000E+00
1.741177E-01 4.5143200E-06 -1.3699400E-04 -1.8180600E-03 5.4815900E-01 0.0000000E+00 0.0000000E+00
6.981769E-02 -1.0046400E-06 3.3847900E-05 5.9515600E-04 3.8728300E-01 0.0000000E+00 1.0000000E+00
Sb d
4.350365E+03 1.3231000E-04 5.1011600E-05 0.0000000E+00 0.0000000E+00
1.216861E+03 1.1014400E-03 4.2582300E-04 0.0000000E+00 0.0000000E+00
4.469590E+02 6.5413100E-03 2.5373000E-03 0.0000000E+00 0.0000000E+00
1.928941E+02 2.7317500E-02 1.0674200E-02 0.0000000E+00 0.0000000E+00
9.114478E+01 8.5878200E-02 3.3953700E-02 0.0000000E+00 0.0000000E+00
4.528675E+01 2.0112700E-01 8.0602000E-02 0.0000000E+00 0.0000000E+00
2.318117E+01 3.2642000E-01 1.2748600E-01 0.0000000E+00 0.0000000E+00
1.209097E+01 3.4763300E-01 1.2047600E-01 0.0000000E+00 0.0000000E+00
6.350795E+00 1.9447800E-01 -4.3698400E-02 0.0000000E+00 0.0000000E+00
3.272075E+00 4.3693200E-02 -3.0783400E-01 0.0000000E+00 0.0000000E+00
1.626540E+00 2.4998200E-03 -4.2938900E-01 0.0000000E+00 0.0000000E+00
7.828576E-01 1.4741700E-04 -3.0262600E-01 0.0000000E+00 0.0000000E+00
3.561485E-01 -4.6039900E-05 -9.2729300E-02 1.0000000E+00 0.0000000E+00
1.412977E-01 2.7890200E-06 -6.9344100E-03 0.0000000E+00 1.0000000E+00
Sb f
3.244310E-01 1.0000000E+00
#BASIS SET:
Te s
5.537122E+08 3.7558500E-05 -1.2986300E-05 5.7863700E-06 -2.5803400E-06 8.5896500E-07 0.0000000E+00 0.0000000E+00
8.517426E+07 1.0157200E-04 -3.5116500E-05 1.5646600E-05 -6.9773000E-06 2.3226100E-06 0.0000000E+00 0.0000000E+00
1.792506E+07 2.6985300E-04 -9.3328200E-05 4.1586600E-05 -1.8545100E-05 6.1735200E-06 0.0000000E+00 0.0000000E+00
4.812394E+06 5.8352300E-04 -2.0198400E-04 9.0011000E-05 -4.0140000E-05 1.3361700E-05 0.0000000E+00 0.0000000E+00
1.554321E+06 1.1579400E-03 -4.0143300E-04 1.7894600E-04 -7.9805700E-05 2.6568200E-05 0.0000000E+00 0.0000000E+00
5.754794E+05 2.1409300E-03 -7.4407200E-04 3.3175300E-04 -1.4795900E-04 4.9248900E-05 0.0000000E+00 0.0000000E+00
2.349347E+05 3.8611700E-03 -1.3468800E-03 6.0101900E-04 -2.6810100E-04 8.9271300E-05 0.0000000E+00 0.0000000E+00
1.025865E+05 6.9032800E-03 -2.4217000E-03 1.0809800E-03 -4.8221600E-04 1.6047600E-04 0.0000000E+00 0.0000000E+00
4.682985E+04 1.2503000E-02 -4.4226300E-03 1.9781100E-03 -8.8283300E-04 2.9409400E-04 0.0000000E+00 0.0000000E+00
2.198700E+04 2.3080100E-02 -8.2718300E-03 3.7026400E-03 -1.6526500E-03 5.4980400E-04 0.0000000E+00 0.0000000E+00
1.050476E+04 4.3522700E-02 -1.5925400E-02 7.1612800E-03 -3.1996900E-03 1.0666300E-03 0.0000000E+00 0.0000000E+00
5.076730E+03 8.2492000E-02 -3.1271700E-02 1.4110100E-02 -6.3084600E-03 2.0983600E-03 0.0000000E+00 0.0000000E+00
2.476196E+03 1.5104300E-01 -6.0929200E-02 2.7815600E-02 -1.2467500E-02 4.1608600E-03 0.0000000E+00 0.0000000E+00
1.219627E+03 2.4572700E-01 -1.1111600E-01 5.1495700E-02 -2.3152600E-02 7.7038300E-03 0.0000000E+00 0.0000000E+00
6.080662E+02 3.0636400E-01 -1.6912700E-01 8.1341500E-02 -3.6863800E-02 1.2347500E-02 0.0000000E+00 0.0000000E+00
3.078851E+02 2.2830600E-01 -1.5959900E-01 8.0014100E-02 -3.6583400E-02 1.2146300E-02 0.0000000E+00 0.0000000E+00
1.588377E+02 6.9384900E-02 4.8552400E-02 -3.1724900E-02 1.5156100E-02 -4.8928300E-03 0.0000000E+00 0.0000000E+00
8.368128E+01 4.7882600E-03 4.1876900E-01 -3.1818200E-01 1.5945300E-01 -5.4824400E-02 0.0000000E+00 0.0000000E+00
4.503552E+01 2.8199400E-04 4.8672300E-01 -4.9722000E-01 2.6465700E-01 -8.9961200E-02 0.0000000E+00 0.0000000E+00
2.469589E+01 -2.8160400E-05 1.8810500E-01 -1.5601300E-01 9.1508000E-02 -3.5327300E-02 0.0000000E+00 0.0000000E+00
1.371087E+01 -9.0385200E-05 2.1586700E-02 5.5967600E-01 -4.3033900E-01 1.6636900E-01 0.0000000E+00 0.0000000E+00
7.621328E+00 3.0038500E-05 5.7957500E-04 6.4436700E-01 -7.9164200E-01 3.1281300E-01 0.0000000E+00 0.0000000E+00
4.170545E+00 -2.2655100E-05 2.0080400E-04 1.6065900E-01 3.1863900E-02 -2.5415300E-02 0.0000000E+00 0.0000000E+00
2.077645E+00 1.5948600E-05 -3.0112800E-04 1.1313300E-02 8.6138900E-01 -4.9755300E-01 0.0000000E+00 0.0000000E+00
1.042945E+00 -4.9840700E-06 4.7579200E-05 2.3985100E-05 4.7458900E-01 -4.3596000E-01 0.0000000E+00 0.0000000E+00
3.663105E-01 2.0925600E-06 -2.7194700E-05 3.6156000E-04 2.6187500E-02 4.3498400E-01 1.0000000E+00 0.0000000E+00
1.785887E-01 -1.2860300E-06 1.8049700E-05 -2.4539200E-04 -5.1487000E-03 6.4409000E-01 0.0000000E+00 0.0000000E+00
8.249023E-02 3.2797500E-07 -4.2548600E-06 5.4482600E-05 1.2604000E-03 2.3329100E-01 0.0000000E+00 1.0000000E+00
Te p
3.678985E+06 1.5136400E-05 -7.0619500E-06 -3.0393200E-06 -8.4479200E-07 0.0000000E+00 0.0000000E+00
5.669462E+05 5.3808800E-05 -2.5126000E-05 -1.0815000E-05 -3.0057100E-06 0.0000000E+00 0.0000000E+00
1.207788E+05 1.8733500E-04 -8.7614600E-05 -3.7727400E-05 -1.0489700E-05 0.0000000E+00 0.0000000E+00
3.296965E+04 6.0821400E-04 -2.8500400E-04 -1.2274500E-04 -3.4103500E-05 0.0000000E+00 0.0000000E+00
1.084768E+04 1.9535200E-03 -9.1914200E-04 -3.9630700E-04 -1.1027000E-04 0.0000000E+00 0.0000000E+00
4.099356E+03 6.1921000E-03 -2.9277400E-03 -1.2629400E-03 -3.5078700E-04 0.0000000E+00 0.0000000E+00
1.714719E+03 1.8953500E-02 -9.0654100E-03 -3.9218900E-03 -1.0923800E-03 0.0000000E+00 0.0000000E+00
7.724043E+02 5.3713100E-02 -2.6163100E-02 -1.1351300E-02 -3.1545100E-03 0.0000000E+00 0.0000000E+00
3.673924E+02 1.3196200E-01 -6.6623800E-02 -2.9139200E-02 -8.1345200E-03 0.0000000E+00 0.0000000E+00
1.820300E+02 2.5684900E-01 -1.3592400E-01 -5.9973800E-02 -1.6698000E-02 0.0000000E+00 0.0000000E+00
9.308078E+01 3.5023900E-01 -1.9568400E-01 -8.7651700E-02 -2.4624500E-02 0.0000000E+00 0.0000000E+00
4.879691E+01 2.6955100E-01 -1.0683700E-01 -4.1479800E-02 -1.1041700E-02 0.0000000E+00 0.0000000E+00
2.607560E+01 9.1112500E-02 1.9297500E-01 1.2013400E-01 3.4715600E-02 0.0000000E+00 0.0000000E+00
1.410957E+01 1.0182600E-02 4.8402000E-01 3.2104300E-01 9.7334800E-02 0.0000000E+00 0.0000000E+00
7.660241E+00 3.6020700E-04 3.7384800E-01 2.5004800E-01 7.0790300E-02 0.0000000E+00 0.0000000E+00
4.116851E+00 -9.1031400E-06 8.9090500E-02 -2.6841200E-01 -1.0143900E-01 0.0000000E+00 0.0000000E+00
2.095689E+00 -1.1802900E-04 7.2761300E-03 -5.9469200E-01 -2.4059600E-01 0.0000000E+00 0.0000000E+00
1.043346E+00 2.3922100E-06 -7.4012600E-06 -3.3444500E-01 -1.3983800E-01 0.0000000E+00 0.0000000E+00
4.470946E-01 -1.1201700E-05 2.3616200E-04 -3.8613700E-02 2.5089600E-01 1.0000000E+00 0.0000000E+00
2.005060E-01 4.8459000E-06 -1.1990700E-04 8.7471700E-04 5.5472100E-01 0.0000000E+00 0.0000000E+00
7.870060E-02 -8.0032600E-07 2.1395500E-05 -8.0734100E-04 3.7597900E-01 0.0000000E+00 1.0000000E+00
Te d
4.703174E+03 1.2607800E-04 5.0263000E-05 0.0000000E+00 0.0000000E+00
1.330578E+03 1.0220700E-03 4.0870500E-04 0.0000000E+00 0.0000000E+00
4.876845E+02 6.1131100E-03 2.4518500E-03 0.0000000E+00 0.0000000E+00
2.096221E+02 2.5860900E-02 1.0451900E-02 0.0000000E+00 0.0000000E+00
9.890991E+01 8.2010900E-02 3.3524200E-02 0.0000000E+00 0.0000000E+00
4.920705E+01 1.9441900E-01 8.0660900E-02 0.0000000E+00 0.0000000E+00
2.523914E+01 3.2179500E-01 1.3038200E-01 0.0000000E+00 0.0000000E+00
1.318473E+01 3.5097700E-01 1.2741700E-01 0.0000000E+00 0.0000000E+00
6.946102E+00 2.0242500E-01 -3.6159900E-02 0.0000000E+00 0.0000000E+00
3.599002E+00 4.7633000E-02 -3.0778700E-01 0.0000000E+00 0.0000000E+00
1.805779E+00 2.8666500E-03 -4.3532900E-01 0.0000000E+00 0.0000000E+00
8.809256E-01 1.5201900E-04 -2.9983800E-01 0.0000000E+00 0.0000000E+00
4.064276E-01 -5.7338900E-05 -8.7013700E-02 1.0000000E+00 0.0000000E+00
1.644229E-01 2.0610100E-06 -6.5354800E-03 0.0000000E+00 1.0000000E+00
Te f
3.487896E-01 1.0000000E+00
#BASIS SET:
I s
5.994467E+08 3.8312000E-05 -1.3299400E-05 5.9505800E-06 -2.6841800E-06 9.2794000E-07 0.0000000E+00 0.0000000E+00
9.055635E+07 1.0453300E-04 -3.6282100E-05 1.6233300E-05 -7.3224500E-06 2.5313600E-06 0.0000000E+00 0.0000000E+00
1.919947E+07 2.7160600E-04 -9.4301800E-05 4.2195300E-05 -1.9033600E-05 6.5801300E-06 0.0000000E+00 0.0000000E+00
5.255505E+06 5.7364500E-04 -1.9933400E-04 8.9199800E-05 -4.0237100E-05 1.3909700E-05 0.0000000E+00 0.0000000E+00
1.734341E+06 1.1166800E-03 -3.8860500E-04 1.7394500E-04 -7.8470200E-05 2.7129700E-05 0.0000000E+00 0.0000000E+00
6.531015E+05 2.0419100E-03 -7.1227500E-04 3.1889700E-04 -1.4386500E-04 4.9730000E-05 0.0000000E+00 0.0000000E+00
2.688926E+05 3.6790300E-03 -1.2878800E-03 5.7703000E-04 -2.6036600E-04 9.0033700E-05 0.0000000E+00 0.0000000E+00
1.172339E+05 6.6293000E-03 -2.3332800E-03 1.0458700E-03 -4.7193300E-04 1.6310600E-04 0.0000000E+00 0.0000000E+00
5.292129E+04 1.2178200E-02 -4.3212300E-03 1.9403300E-03 -8.7592200E-04 3.0300800E-04 0.0000000E+00 0.0000000E+00
2.438048E+04 2.2894600E-02 -8.2296900E-03 3.6995300E-03 -1.6703700E-03 5.7716700E-04 0.0000000E+00 0.0000000E+00
1.137444E+04 4.4005800E-02 -1.6152500E-02 7.2909900E-03 -3.2950300E-03 1.1405300E-03 0.0000000E+00 0.0000000E+00
5.361031E+03 8.4857100E-02 -3.2288400E-02 1.4635300E-02 -6.6195100E-03 2.2871000E-03 0.0000000E+00 0.0000000E+00
2.556631E+03 1.5679400E-01 -6.3609600E-02 2.9160900E-02 -1.3222000E-02 4.5820000E-03 0.0000000E+00 0.0000000E+00
1.238741E+03 2.5353500E-01 -1.1575500E-01 5.3954700E-02 -2.4548700E-02 8.4847500E-03 0.0000000E+00 0.0000000E+00
6.130568E+02 3.0690700E-01 -1.7189200E-01 8.3170100E-02 -3.8148800E-02 1.3274900E-02 0.0000000E+00 0.0000000E+00
3.115099E+02 2.1848600E-01 -1.5288800E-01 7.7141500E-02 -3.5706800E-02 1.2296900E-02 0.0000000E+00 0.0000000E+00
1.631053E+02 6.4357200E-02 5.5994100E-02 -3.6587000E-02 1.7708100E-02 -5.9246900E-03 0.0000000E+00 0.0000000E+00
8.806397E+01 5.0813500E-03 3.9668800E-01 -3.0266000E-01 1.5362100E-01 -5.5068100E-02 0.0000000E+00 0.0000000E+00
4.885512E+01 6.9916700E-05 4.7094500E-01 -4.7405700E-01 2.5464900E-01 -8.9583000E-02 0.0000000E+00 0.0000000E+00
2.759266E+01 1.5892100E-04 2.1161900E-01 -2.1434100E-01 1.2640500E-01 -4.9790600E-02 0.0000000E+00 0.0000000E+00
1.560933E+01 -2.0669300E-04 3.1055800E-02 4.7184800E-01 -3.5428600E-01 1.4250800E-01 0.0000000E+00 0.0000000E+00
8.629135E+00 8.5386700E-05 1.2598800E-03 7.1650000E-01 -8.3533700E-01 3.4259600E-01 0.0000000E+00 0.0000000E+00
4.503823E+00 -5.2976900E-05 6.2218400E-05 2.0072700E-01 -8.6494900E-02 2.9200800E-02 0.0000000E+00 0.0000000E+00
2.346097E+00 3.2416800E-05 -2.3067700E-04 5.0667500E-03 8.6172700E-01 -5.1310500E-01 0.0000000E+00 0.0000000E+00
1.179513E+00 -1.0997100E-05 3.2992600E-06 2.9069500E-03 5.3171700E-01 -4.9788700E-01 0.0000000E+00 0.0000000E+00
4.159963E-01 4.3799900E-06 -9.2976900E-06 -6.1863100E-04 3.2684700E-02 4.4715300E-01 1.0000000E+00 0.0000000E+00
2.048764E-01 -2.6477400E-06 8.7434000E-06 2.9319000E-04 -6.6331300E-03 6.5099700E-01 0.0000000E+00 0.0000000E+00
9.550402E-02 6.8294900E-07 -1.4590500E-06 -9.4488500E-05 1.6510300E-03 2.3324000E-01 0.0000000E+00 1.0000000E+00
I p
4.232731E+06 1.4600700E-05 -6.8487500E-06 2.9917700E-06 -8.8267300E-07 0.0000000E+00 0.0000000E+00
6.683170E+05 5.0137400E-05 -2.3536300E-05 1.0282700E-05 -3.0332800E-06 0.0000000E+00 0.0000000E+00
1.434042E+05 1.7184200E-04 -8.0799900E-05 3.5314500E-05 -1.0422300E-05 0.0000000E+00 0.0000000E+00
3.900861E+04 5.4962600E-04 -2.5887300E-04 1.1316300E-04 -3.3371000E-05 0.0000000E+00 0.0000000E+00
1.271633E+04 1.7483400E-03 -8.2694100E-04 3.6188100E-04 -1.0688700E-04 0.0000000E+00 0.0000000E+00
4.751625E+03 5.5155200E-03 -2.6198900E-03 1.1470500E-03 -3.3813200E-04 0.0000000E+00 0.0000000E+00
1.966439E+03 1.6922400E-02 -8.1301100E-03 3.5692500E-03 -1.0554200E-03 0.0000000E+00 0.0000000E+00
8.783574E+02 4.8330800E-02 -2.3603600E-02 1.0391100E-02 -3.0644600E-03 0.0000000E+00 0.0000000E+00
4.155601E+02 1.2062900E-01 -6.0999100E-02 2.7060700E-02 -8.0203600E-03 0.0000000E+00 0.0000000E+00
2.054585E+02 2.4071200E-01 -1.2725100E-01 5.6937600E-02 -1.6821400E-02 0.0000000E+00 0.0000000E+00
1.051346E+02 3.4360500E-01 -1.9264400E-01 8.7555500E-02 -2.6125400E-02 0.0000000E+00 0.0000000E+00
5.526625E+01 2.8749600E-01 -1.3006600E-01 5.4434300E-02 -1.5619500E-02 0.0000000E+00 0.0000000E+00
2.964139E+01 1.1090900E-01 1.4535600E-01 -9.5296800E-02 2.9231300E-02 0.0000000E+00 0.0000000E+00
1.609432E+01 1.4893100E-02 4.6202600E-01 -3.0624000E-01 9.8720000E-02 0.0000000E+00 0.0000000E+00
8.755589E+00 5.5488500E-04 4.1345000E-01 -2.9542100E-01 9.0983700E-02 0.0000000E+00 0.0000000E+00
4.703722E+00 1.2592800E-05 1.1571000E-01 2.0993400E-01 -8.7189000E-02 0.0000000E+00 0.0000000E+00
2.398238E+00 -1.3198000E-04 9.7477400E-03 6.0115700E-01 -2.6051500E-01 0.0000000E+00 0.0000000E+00
1.202481E+00 9.7669300E-07 1.1527500E-04 3.7128900E-01 -1.6886700E-01 0.0000000E+00 0.0000000E+00
5.258532E-01 -1.2076200E-05 2.2173900E-04 4.7916100E-02 2.4443400E-01 1.0000000E+00 0.0000000E+00
2.395947E-01 5.5208700E-06 -1.2512000E-04 -5.4151300E-04 5.5699600E-01 0.0000000E+00 0.0000000E+00
9.337968E-02 -5.3429600E-07 1.1431400E-05 1.2412100E-03 3.8939500E-01 0.0000000E+00 1.0000000E+00
I d
5.155846E+03 1.1994300E-04 -4.9259100E-05 0.0000000E+00 0.0000000E+00
1.436061E+03 9.8053100E-04 -4.0404300E-04 0.0000000E+00 0.0000000E+00
5.251996E+02 5.8127700E-03 -2.4017500E-03 0.0000000E+00 0.0000000E+00
2.262777E+02 2.4536300E-02 -1.0219000E-02 0.0000000E+00 0.0000000E+00
1.070533E+02 7.8192700E-02 -3.2922700E-02 0.0000000E+00 0.0000000E+00
5.336688E+01 1.8788200E-01 -8.0382400E-02 0.0000000E+00 0.0000000E+00
2.743701E+01 3.1617700E-01 -1.3237200E-01 0.0000000E+00 0.0000000E+00
1.439100E+01 3.5223500E-01 -1.3353900E-01 0.0000000E+00 0.0000000E+00
7.628801E+00 2.1129700E-01 2.5399000E-02 0.0000000E+00 0.0000000E+00
3.984593E+00 5.3044000E-02 3.0190300E-01 0.0000000E+00 0.0000000E+00
2.020789E+00 3.4957400E-03 4.3982500E-01 0.0000000E+00 0.0000000E+00
9.988940E-01 1.5737000E-04 3.0230300E-01 0.0000000E+00 0.0000000E+00
4.673054E-01 -6.7452700E-05 8.6304500E-02 1.0000000E+00 0.0000000E+00
1.922218E-01 3.5704200E-07 6.8327300E-03 0.0000000E+00 1.0000000E+00
I f
4.062113E-01 1.0000000E+00
#BASIS SET:
Xe s
6.957302E+08 3.6992100E-05 -1.2892500E-05 5.7916900E-06 2.6410400E-06 9.4183800E-07 0.0000000E+00 0.0000000E+00
1.043179E+08 1.0167400E-04 -3.5428800E-05 1.5915000E-05 7.2572900E-06 2.5880100E-06 0.0000000E+00 0.0000000E+00
2.194899E+07 2.6499600E-04 -9.2365300E-05 4.1494300E-05 1.8921700E-05 6.7478700E-06 0.0000000E+00 0.0000000E+00
5.968193E+06 5.6109900E-04 -1.9572400E-04 8.7934200E-05 4.0099300E-05 1.4299600E-05 0.0000000E+00 0.0000000E+00
1.959674E+06 1.0916500E-03 -3.8133600E-04 1.7137300E-04 7.8153700E-05 2.7872700E-05 0.0000000E+00 0.0000000E+00
7.357180E+05 1.9904800E-03 -6.9691200E-04 3.1325700E-04 1.4286400E-04 5.0943200E-05 0.0000000E+00 0.0000000E+00
3.025951E+05 3.5667200E-03 -1.2531100E-03 5.6369000E-04 2.5712200E-04 9.1715200E-05 0.0000000E+00 0.0000000E+00
1.320269E+05 6.3782200E-03 -2.2526100E-03 1.0136600E-03 4.6239600E-04 1.6486000E-04 0.0000000E+00 0.0000000E+00
5.972556E+04 1.1608300E-02 -4.1321800E-03 1.8627700E-03 8.5007300E-04 3.0332700E-04 0.0000000E+00 0.0000000E+00
2.759624E+04 2.1597300E-02 -7.7830500E-03 3.5119800E-03 1.6029900E-03 5.7141400E-04 0.0000000E+00 0.0000000E+00
1.291526E+04 4.1102100E-02 -1.5109700E-02 6.8458600E-03 3.1274000E-03 1.1165500E-03 0.0000000E+00 0.0000000E+00
6.103747E+03 7.8740100E-02 -2.9933600E-02 1.3612400E-02 6.2236600E-03 2.2184800E-03 0.0000000E+00 0.0000000E+00
2.915687E+03 1.4588400E-01 -5.8857500E-02 2.7056200E-02 1.2398000E-02 4.4310700E-03 0.0000000E+00 0.0000000E+00
1.412893E+03 2.4064400E-01 -1.0821400E-01 5.0495000E-02 2.3215400E-02 8.2792000E-03 0.0000000E+00 0.0000000E+00
6.980157E+02 3.0573500E-01 -1.6640100E-01 8.0416300E-02 3.7246600E-02 1.3359900E-02 0.0000000E+00 0.0000000E+00
3.533396E+02 2.3749000E-01 -1.6350200E-01 8.2338700E-02 3.8501500E-02 1.3711400E-02 0.0000000E+00 0.0000000E+00
1.839593E+02 8.0462600E-02 1.9180300E-02 -1.4677600E-02 -7.3321500E-03 -2.4354300E-03 0.0000000E+00 0.0000000E+00
9.861927E+01 7.3268100E-03 3.6478800E-01 -2.7202500E-01 -1.3872100E-01 -5.1175400E-02 0.0000000E+00 0.0000000E+00
5.429070E+01 3.2898200E-04 4.8936700E-01 -4.8014000E-01 -2.6001000E-01 -9.4751600E-02 0.0000000E+00 0.0000000E+00
3.044807E+01 1.1258800E-05 2.4122100E-01 -2.6447100E-01 -1.5530600E-01 -6.1471100E-02 0.0000000E+00 0.0000000E+00
1.714644E+01 -1.0334500E-04 3.9027200E-02 4.2144700E-01 3.1207300E-01 1.2871800E-01 0.0000000E+00 0.0000000E+00
9.481303E+00 2.3475500E-05 1.4279700E-03 7.4001800E-01 8.5329900E-01 3.6300800E-01 0.0000000E+00 0.0000000E+00
4.988405E+00 -2.2544800E-05 1.8904000E-04 2.3232600E-01 1.6506000E-01 6.6846900E-02 0.0000000E+00 0.0000000E+00
2.592627E+00 1.7783900E-05 -3.0240900E-04 8.1163100E-03 -8.5739500E-01 -5.2435900E-01 0.0000000E+00 0.0000000E+00
1.312308E+00 -5.3458400E-06 2.5503000E-05 3.0775900E-03 -5.6992600E-01 -5.5162000E-01 0.0000000E+00 0.0000000E+00
4.871092E-01 2.3066400E-06 -1.8667700E-05 -7.1379300E-04 -3.8993000E-02 4.0892100E-01 1.0000000E+00 0.0000000E+00
2.443015E-01 -1.4467000E-06 1.5091600E-05 3.1147900E-04 6.6339200E-03 6.7931400E-01 0.0000000E+00 0.0000000E+00
1.128531E-01 3.2835300E-07 -2.5783900E-06 -1.0163500E-04 -1.6473700E-03 2.6332800E-01 0.0000000E+00 1.0000000E+00
Xe p
5.178673E+06 1.3610500E-05 -6.4173700E-06 2.8446700E-06 -8.7472500E-07 0.0000000E+00 0.0000000E+00
7.975902E+05 4.7344900E-05 -2.2339600E-05 9.9038000E-06 -3.0449100E-06 0.0000000E+00 0.0000000E+00
1.682507E+05 1.6121400E-04 -7.6194300E-05 3.3792200E-05 -1.0394500E-05 0.0000000E+00 0.0000000E+00
4.525119E+04 5.0948100E-04 -2.4117200E-04 1.0698200E-04 -3.2880100E-05 0.0000000E+00 0.0000000E+00
1.464371E+04 1.5951400E-03 -7.5833400E-04 3.3673300E-04 -1.0366800E-04 0.0000000E+00 0.0000000E+00
5.446667E+03 4.9542100E-03 -2.3641000E-03 1.0503400E-03 -3.2266800E-04 0.0000000E+00 0.0000000E+00
2.247647E+03 1.5051500E-02 -7.2627900E-03 3.2348000E-03 -9.9709200E-04 0.0000000E+00 0.0000000E+00
1.002161E+03 4.2934000E-02 -2.1022500E-02 9.3886700E-03 -2.8852100E-03 0.0000000E+00 0.0000000E+00
4.735631E+02 1.0854300E-01 -5.4945500E-02 2.4714600E-02 -7.6359600E-03 0.0000000E+00 0.0000000E+00
2.339270E+02 2.2282000E-01 -1.1760800E-01 5.3348300E-02 -1.6423200E-02 0.0000000E+00 0.0000000E+00
1.196127E+02 3.3487600E-01 -1.8787300E-01 8.6548700E-02 -2.6923200E-02 0.0000000E+00 0.0000000E+00
6.283328E+01 3.0547700E-01 -1.5124700E-01 6.6570200E-02 -2.0112000E-02 0.0000000E+00 0.0000000E+00
3.367570E+01 1.3337300E-01 9.9537400E-02 -7.1156600E-02 2.2814500E-02 0.0000000E+00 0.0000000E+00
1.826931E+01 2.1083900E-02 4.3630500E-01 -2.8959100E-01 9.7416300E-02 0.0000000E+00 0.0000000E+00
9.927146E+00 8.4578900E-04 4.4771700E-01 -3.3257900E-01 1.0855400E-01 0.0000000E+00 0.0000000E+00
5.323340E+00 4.4190300E-05 1.4399300E-01 1.5234300E-01 -6.9950400E-02 0.0000000E+00 0.0000000E+00
2.719061E+00 -1.4745000E-04 1.2827600E-02 6.0196600E-01 -2.7441400E-01 0.0000000E+00 0.0000000E+00
1.371884E+00 8.3575800E-07 2.7424600E-04 4.0677500E-01 -1.9766900E-01 0.0000000E+00 0.0000000E+00
6.087579E-01 -1.3922200E-05 1.9960200E-04 5.7310800E-02 2.3538900E-01 1.0000000E+00 0.0000000E+00
2.817452E-01 5.2058900E-06 -9.5471300E-05 -1.5194500E-03 5.6303000E-01 0.0000000E+00 0.0000000E+00
1.097592E-01 -1.1776900E-06 1.8671400E-05 8.0279200E-04 3.9910100E-01 0.0000000E+00 1.0000000E+00
Xe d
5.702972E+03 1.1020300E-04 -4.6476300E-05 0.0000000E+00 0.0000000E+00
1.592964E+03 8.8637800E-04 -3.7520900E-04 0.0000000E+00 0.0000000E+00
5.802504E+02 5.2801800E-03 -2.2401400E-03 0.0000000E+00 0.0000000E+00
2.491317E+02 2.2559100E-02 -9.6501900E-03 0.0000000E+00 0.0000000E+00
1.177986E+02 7.2641200E-02 -3.1390600E-02 0.0000000E+00 0.0000000E+00
5.881864E+01 1.7776300E-01 -7.8166100E-02 0.0000000E+00 0.0000000E+00
3.030197E+01 3.0770000E-01 -1.3281700E-01 0.0000000E+00 0.0000000E+00
1.592040E+01 3.5538100E-01 -1.4088500E-01 0.0000000E+00 0.0000000E+00
8.468730E+00 2.2465100E-01 8.9654600E-03 0.0000000E+00 0.0000000E+00
4.451603E+00 6.0892600E-02 2.9115200E-01 0.0000000E+00 0.0000000E+00
2.273210E+00 4.5352900E-03 4.4590900E-01 0.0000000E+00 0.0000000E+00
1.132517E+00 1.4289500E-04 3.1005500E-01 0.0000000E+00 0.0000000E+00
5.329789E-01 -6.9519000E-05 8.7664900E-02 1.0000000E+00 0.0000000E+00
2.215374E-01 -3.6718400E-06 7.0901900E-03 0.0000000E+00 1.0000000E+00
Xe f
4.764510E-01 1.0000000E+00
#BASIS SET:
Tl s
2.883713E+08 3.6778800E-04 -1.4452200E-04 6.9468200E-05 -3.4930500E-05 1.5476900E-05 -4.9014600E-06 0.0000000E+00 0.0000000E+00
8.739102E+07 2.6875400E-04 -1.0541600E-04 5.0658400E-05 -2.5471700E-05 1.1286100E-05 -3.5742900E-06 0.0000000E+00 0.0000000E+00
2.878117E+07 9.9198100E-04 -3.8949100E-04 1.8719800E-04 -9.4125400E-05 4.1704000E-05 -1.3207400E-05 0.0000000E+00 0.0000000E+00
1.013681E+07 1.4650800E-03 -5.7521900E-04 2.7647600E-04 -1.3902200E-04 6.1599200E-05 -1.9508500E-05 0.0000000E+00 0.0000000E+00
3.769157E+06 3.0396700E-03 -1.1955300E-03 5.7477400E-04 -2.8902100E-04 1.2805600E-04 -4.0554200E-05 0.0000000E+00 0.0000000E+00
1.464753E+06 5.1374900E-03 -2.0260800E-03 9.7456800E-04 -4.9014700E-04 2.1719400E-04 -6.8787400E-05 0.0000000E+00 0.0000000E+00
5.904314E+05 9.3845700E-03 -3.7190700E-03 1.7902600E-03 -9.0047200E-04 3.9898700E-04 -1.2635300E-04 0.0000000E+00 0.0000000E+00
2.455272E+05 1.6179400E-02 -6.4628800E-03 3.1154700E-03 -1.5677900E-03 6.9485100E-04 -2.2008100E-04 0.0000000E+00 0.0000000E+00
1.049497E+05 2.8468700E-02 -1.1513500E-02 5.5608500E-03 -2.7991000E-03 1.2403800E-03 -3.9279800E-04 0.0000000E+00 0.0000000E+00
4.601277E+04 4.9093800E-02 -2.0249600E-02 9.8149200E-03 -4.9463000E-03 2.1932700E-03 -6.9477200E-04 0.0000000E+00 0.0000000E+00
2.067032E+04 8.4467000E-02 -3.5926600E-02 1.7499100E-02 -8.8250600E-03 3.9118100E-03 -1.2387700E-03 0.0000000E+00 0.0000000E+00
9.512330E+03 1.4039200E-01 -6.2756500E-02 3.0848900E-02 -1.5604400E-02 6.9274200E-03 -2.1950400E-03 0.0000000E+00 0.0000000E+00
4.485316E+03 2.1706200E-01 -1.0511800E-01 5.2380600E-02 -2.6554500E-02 1.1780900E-02 -3.7310700E-03 0.0000000E+00 0.0000000E+00
2.167755E+03 2.8137900E-01 -1.5457400E-01 7.9000000E-02 -4.0381700E-02 1.7987300E-02 -5.7034100E-03 0.0000000E+00 0.0000000E+00
1.073952E+03 2.5472100E-01 -1.5845500E-01 8.2910300E-02 -4.2451600E-02 1.8837100E-02 -5.9648400E-03 0.0000000E+00 0.0000000E+00
5.451516E+02 1.1738800E-01 -3.6314200E-03 -8.3021200E-03 5.3541300E-03 -2.3672300E-03 7.4612300E-04 0.0000000E+00 0.0000000E+00
2.831491E+02 1.6229900E-02 3.4372200E-01 -2.8051300E-01 1.6194300E-01 -7.4589900E-02 2.3792000E-02 0.0000000E+00 0.0000000E+00
1.500880E+02 7.3179400E-04 5.1410800E-01 -5.4163100E-01 3.3077600E-01 -1.5303000E-01 4.8848200E-02 0.0000000E+00 0.0000000E+00
8.085158E+01 -3.0313800E-04 2.4638400E-01 -2.2950100E-01 1.5449200E-01 -7.6511500E-02 2.4709800E-02 0.0000000E+00 0.0000000E+00
4.399341E+01 1.8491800E-04 2.7519900E-02 6.3863100E-01 -6.5741000E-01 3.5505000E-01 -1.1651600E-01 0.0000000E+00 0.0000000E+00
2.397757E+01 -1.6928500E-04 1.0679700E-03 6.4907400E-01 -8.9327600E-01 4.9832100E-01 -1.6465400E-01 0.0000000E+00 0.0000000E+00
1.294712E+01 1.1031900E-04 -4.0487700E-04 1.1984100E-01 3.2393300E-01 -2.4017400E-01 8.2005300E-02 0.0000000E+00 0.0000000E+00
6.830407E+00 -6.0140700E-05 4.1847100E-05 8.9116800E-03 9.7995000E-01 -1.0114200E+00 3.8179700E-01 0.0000000E+00 0.0000000E+00
3.460639E+00 3.7191300E-05 -7.1968500E-05 -2.1758700E-03 2.7146700E-01 -3.3967500E-01 1.3049100E-01 0.0000000E+00 0.0000000E+00
1.904383E+00 -1.9578400E-05 4.3573700E-05 1.2345700E-03 -4.3346000E-03 9.0432100E-01 -4.7602600E-01 0.0000000E+00 0.0000000E+00
8.944182E-01 5.9865000E-06 -8.0926300E-06 -5.0726900E-04 4.5803500E-03 6.4515400E-01 -4.6742700E-01 0.0000000E+00 0.0000000E+00
2.748077E-01 -2.2235800E-06 3.9950500E-06 1.7169400E-04 -1.0547800E-03 4.5213700E-02 3.0124300E-01 1.0000000E+00 0.0000000E+00
1.324752E-01 1.3547600E-06 -2.3956100E-06 -1.0670900E-04 6.4717900E-04 -1.2398900E-02 6.5578700E-01 0.0000000E+00 0.0000000E+00
5.701383E-02 -3.5847000E-07 6.2155000E-07 2.8629500E-05 -1.7240000E-04 2.6409300E-03 2.9838800E-01 0.0000000E+00 1.0000000E+00
Tl p
5.884725E+08 2.6424300E-06 -1.3628600E-06 -6.8179100E-07 2.8100400E-07 6.0573200E-08 0.0000000E+00 0.0000000E+00
9.763809E+07 7.5864800E-06 -3.9139200E-06 -1.9581100E-06 8.0704700E-07 1.7396100E-07 0.0000000E+00 0.0000000E+00
1.960556E+07 2.2792000E-05 -1.1763800E-05 -5.8859800E-06 2.4260300E-06 5.2296500E-07 0.0000000E+00 0.0000000E+00
4.644270E+06 5.9982600E-05 -3.0985800E-05 -1.5506600E-05 6.3915900E-06 1.3777000E-06 0.0000000E+00 0.0000000E+00
1.268825E+06 1.4924700E-04 -7.7193500E-05 -3.8642000E-05 1.5928900E-05 3.4339000E-06 0.0000000E+00 0.0000000E+00
3.918859E+05 3.5637100E-04 -1.8470700E-04 -9.2507300E-05 3.8136500E-05 8.2198800E-06 0.0000000E+00 0.0000000E+00
1.344574E+05 8.3913100E-04 -4.3606200E-04 -2.1852900E-04 9.0106100E-05 1.9428000E-05 0.0000000E+00 0.0000000E+00
5.047065E+04 1.9798500E-03 -1.0332000E-03 -5.1828500E-04 2.1373500E-04 4.6060600E-05 0.0000000E+00 0.0000000E+00
2.045309E+04 4.7269800E-03 -2.4795400E-03 -1.2454200E-03 5.1381700E-04 1.1082700E-04 0.0000000E+00 0.0000000E+00
8.846244E+03 1.1426900E-02 -6.0460600E-03 -3.0426700E-03 1.2555900E-03 2.7051100E-04 0.0000000E+00 0.0000000E+00
4.043305E+03 2.7593200E-02 -1.4776700E-02 -7.4597300E-03 3.0814500E-03 6.6502300E-04 0.0000000E+00 0.0000000E+00
1.936315E+03 6.4623100E-02 -3.5352100E-02 -1.7933700E-02 7.4133900E-03 1.5969000E-03 0.0000000E+00 0.0000000E+00
9.643920E+02 1.3814500E-01 -7.7948000E-02 -3.9863500E-02 1.6517200E-02 3.5679600E-03 0.0000000E+00 0.0000000E+00
4.962968E+02 2.4768200E-01 -1.4610400E-01 -7.5546000E-02 3.1362200E-02 6.7540600E-03 0.0000000E+00 0.0000000E+00
2.623689E+02 3.2869500E-01 -1.9938700E-01 -1.0399900E-01 4.3303100E-02 9.3796900E-03 0.0000000E+00 0.0000000E+00
1.417242E+02 2.6483000E-01 -1.0985000E-01 -4.7124600E-02 1.8490700E-02 3.8815000E-03 0.0000000E+00 0.0000000E+00
7.782579E+01 1.0072000E-01 2.0634800E-01 1.6564900E-01 -7.5230500E-02 -1.6267900E-02 0.0000000E+00 0.0000000E+00
4.322668E+01 1.1887400E-02 5.0013400E-01 4.1884100E-01 -1.9475700E-01 -4.3024100E-02 0.0000000E+00 0.0000000E+00
2.415730E+01 4.9646100E-04 3.5152300E-01 2.2160500E-01 -8.8170300E-02 -1.8168500E-02 0.0000000E+00 0.0000000E+00
1.350688E+01 -2.1783200E-04 8.2475000E-02 -3.5723600E-01 2.2781800E-01 5.0709400E-02 0.0000000E+00 0.0000000E+00
7.508296E+00 1.8669400E-05 6.4244200E-03 -5.9855900E-01 4.3369000E-01 1.0393200E-01 0.0000000E+00 0.0000000E+00
4.120103E+00 -4.7779500E-05 9.8411800E-05 -2.6807600E-01 1.2081000E-01 1.9944800E-02 0.0000000E+00 0.0000000E+00
2.213564E+00 2.6183900E-05 8.9009700E-05 -2.9207200E-02 -4.7103200E-01 -1.3067300E-01 0.0000000E+00 0.0000000E+00
1.128010E+00 -7.1156300E-06 -1.1784500E-04 -2.4272200E-03 -5.5937100E-01 -1.8541100E-01 0.0000000E+00 0.0000000E+00
5.433860E-01 4.3295300E-06 1.9996600E-05 2.4746000E-04 -2.0296700E-01 -2.5709500E-02 0.0000000E+00 0.0000000E+00
1.976140E-01 -1.1024700E-06 -1.0726600E-05 -1.0755600E-04 -1.3945200E-02 3.1807300E-01 0.0000000E+00 0.0000000E+00
7.707200E-02 5.0839700E-07 4.8689500E-06 6.1419400E-05 7.2264000E-04 5.5107700E-01 0.0000000E+00 0.0000000E+00
2.998500E-02 -1.6301100E-07 -1.4529800E-06 -1.7495000E-05 -3.4957700E-04 2.8199000E-01 0.0000000E+00 0.0000000E+00
2.598313E-01 0.0000000E+00 0.0000000E+00 0.0000000E+00 0.0000000E+00 0.0000000E+00 1.0000000E+00 0.0000000E+00
3.965187E-02 0.0000000E+00 0.0000000E+00 0.0000000E+00 0.0000000E+00 0.0000000E+00 0.0000000E+00 1.0000000E+00
Tl d
6.327251E+04 2.0882500E-05 1.0942000E-05 -3.5885100E-06 0.0000000E+00 0.0000000E+00
1.667503E+04 1.2424600E-04 6.5077600E-05 -2.1365200E-05 0.0000000E+00 0.0000000E+00
5.544742E+03 6.6747000E-04 3.5113000E-04 -1.1521500E-04 0.0000000E+00 0.0000000E+00
2.196871E+03 2.9721100E-03 1.5663200E-03 -5.1485700E-04 0.0000000E+00 0.0000000E+00
9.895680E+02 1.1288900E-02 5.9986300E-03 -1.9718600E-03 0.0000000E+00 0.0000000E+00
4.879805E+02 3.5384200E-02 1.8937400E-02 -6.2431200E-03 0.0000000E+00 0.0000000E+00
2.557327E+02 9.2619200E-02 5.0481500E-02 -1.6672100E-02 0.0000000E+00 0.0000000E+00
1.392342E+02 1.9366300E-01 1.0645900E-01 -3.5273700E-02 0.0000000E+00 0.0000000E+00
7.744480E+01 3.0669900E-01 1.6576100E-01 -5.4649100E-02 0.0000000E+00 0.0000000E+00
4.348340E+01 3.2841800E-01 1.4543300E-01 -4.5536300E-02 0.0000000E+00 0.0000000E+00
2.444266E+01 1.9122200E-01 -6.9254100E-02 3.8259200E-02 0.0000000E+00 0.0000000E+00
1.367767E+01 5.0881200E-02 -3.4910200E-01 1.4398800E-01 0.0000000E+00 0.0000000E+00
7.587859E+00 4.7731700E-03 -4.3139400E-01 1.7833000E-01 0.0000000E+00 0.0000000E+00
4.157764E+00 5.1001100E-04 -2.3773800E-01 1.6498400E-02 0.0000000E+00 0.0000000E+00
2.210076E+00 -1.0805900E-05 -5.1033900E-02 -2.6049700E-01 0.0000000E+00 0.0000000E+00
1.141952E+00 2.6960000E-05 -3.0462600E-03 -4.0817900E-01 0.0000000E+00 0.0000000E+00
5.667915E-01 -1.2929800E-05 -3.0573800E-04 -3.4295200E-01 0.0000000E+00 0.0000000E+00
2.638070E-01 4.5131800E-06 5.1099700E-05 -1.6679300E-01 1.0000000E+00 0.0000000E+00
9.757388E-02 -9.9970900E-07 -7.6540000E-06 -2.1534300E-02 0.0000000E+00 1.0000000E+00
Tl f
1.356809E+03 1.8799300E-04 0.0000000E+00
4.679868E+02 1.6808100E-03 0.0000000E+00
2.012682E+02 9.5019300E-03 0.0000000E+00
9.761610E+01 3.5854800E-02 0.0000000E+00
5.024780E+01 9.9969700E-02 0.0000000E+00
2.657312E+01 2.0937700E-01 0.0000000E+00
1.420971E+01 3.0454500E-01 0.0000000E+00
7.599925E+00 3.2136400E-01 0.0000000E+00
3.995080E+00 2.3259500E-01 0.0000000E+00
1.991873E+00 9.8851300E-02 0.0000000E+00
8.823350E-01 1.6700000E-02 0.0000000E+00
2.899118E-01 0.0000000E+00 1.0000000E+00
#BASIS SET:
Pb s
3.132459E+08 3.6999400E-04 -1.4613800E-04 7.0358800E-05 -3.5491900E-05 1.5922900E-05 -5.3464800E-06 0.0000000E+00 0.0000000E+00
9.427340E+07 2.7793600E-04 -1.0956700E-04 5.2737600E-05 -2.6602100E-05 1.1934900E-05 -4.0073900E-06 0.0000000E+00 0.0000000E+00
3.080316E+07 1.0069600E-03 -3.9735600E-04 1.9128600E-04 -9.6488700E-05 4.3287600E-05 -1.4534700E-05 0.0000000E+00 0.0000000E+00
1.076795E+07 1.5037600E-03 -5.9332000E-04 2.8562800E-04 -1.4408400E-04 6.4643200E-05 -2.1705400E-05 0.0000000E+00 0.0000000E+00
3.979217E+06 3.1037200E-03 -1.2267000E-03 5.9070000E-04 -2.9798000E-04 1.3368300E-04 -4.4886700E-05 0.0000000E+00 0.0000000E+00
1.539686E+06 5.2475800E-03 -2.0795200E-03 1.0018500E-03 -5.0547800E-04 2.2679700E-04 -7.6153800E-05 0.0000000E+00 0.0000000E+00
6.191646E+05 9.5416300E-03 -3.7994800E-03 1.8318800E-03 -9.2435600E-04 4.1471100E-04 -1.3924800E-04 0.0000000E+00 0.0000000E+00
2.573338E+05 1.6372700E-02 -6.5711500E-03 3.1726000E-03 -1.6016500E-03 7.1876000E-04 -2.4135600E-04 0.0000000E+00 0.0000000E+00
1.100955E+05 2.8631400E-02 -1.1632800E-02 5.6274500E-03 -2.8416800E-03 1.2750600E-03 -4.2813100E-04 0.0000000E+00 0.0000000E+00
4.835690E+04 4.9046800E-02 -2.0319700E-02 9.8636800E-03 -4.9867900E-03 2.2389500E-03 -7.5189900E-04 0.0000000E+00 0.0000000E+00
2.176935E+04 8.3852300E-02 -3.5804100E-02 1.7466300E-02 -8.8364400E-03 3.9660600E-03 -1.3317800E-03 0.0000000E+00 0.0000000E+00
1.003557E+04 1.3870400E-01 -6.2185200E-02 3.0606000E-02 -1.5530700E-02 6.9811700E-03 -2.3449200E-03 0.0000000E+00 0.0000000E+00
4.735545E+03 2.1429600E-01 -1.0386600E-01 5.1816200E-02 -2.6348600E-02 1.1836300E-02 -3.9754600E-03 0.0000000E+00 0.0000000E+00
2.286861E+03 2.7965400E-01 -1.5324700E-01 7.8334200E-02 -4.0161400E-02 1.8112600E-02 -6.0867800E-03 0.0000000E+00 0.0000000E+00
1.129882E+03 2.5747100E-01 -1.5935900E-01 8.3412000E-02 -4.2826500E-02 1.9243800E-02 -6.4666800E-03 0.0000000E+00 0.0000000E+00
5.707968E+02 1.2170000E-01 -8.0112400E-03 -5.9566800E-03 4.1439400E-03 -1.8583000E-03 6.3381300E-04 0.0000000E+00 0.0000000E+00
2.944750E+02 1.7184600E-02 3.4356000E-01 -2.8032500E-01 1.6238100E-01 -7.5735900E-02 2.5589700E-02 0.0000000E+00 0.0000000E+00
1.548133E+02 7.7760700E-04 5.1996900E-01 -5.4948500E-01 3.3697500E-01 -1.5803900E-01 5.3581300E-02 0.0000000E+00 0.0000000E+00
8.266606E+01 -3.4899600E-04 2.4442100E-01 -2.1765500E-01 1.4616400E-01 -7.3297000E-02 2.4974600E-02 0.0000000E+00 0.0000000E+00
4.462149E+01 2.3038100E-04 2.5094000E-02 6.6567300E-01 -6.9613100E-01 3.8204800E-01 -1.3291300E-01 0.0000000E+00 0.0000000E+00
2.419078E+01 -2.0816900E-04 1.1547100E-03 6.3082200E-01 -8.7413000E-01 4.9529000E-01 -1.7451900E-01 0.0000000E+00 0.0000000E+00
1.306076E+01 1.4260700E-04 -5.2736500E-04 1.0569400E-01 3.8282500E-01 -2.8607300E-01 1.0513600E-01 0.0000000E+00 0.0000000E+00
6.947649E+00 -8.3324400E-05 1.1701600E-04 9.2744600E-03 9.5767200E-01 -1.0353000E+00 4.1858100E-01 0.0000000E+00 0.0000000E+00
3.593262E+00 5.1008600E-05 -1.0816800E-04 -2.8015200E-03 2.5229900E-01 -2.7056300E-01 1.0776900E-01 0.0000000E+00 0.0000000E+00
1.937099E+00 -2.6757000E-05 6.2269600E-05 1.5269200E-03 2.4806500E-04 9.1606900E-01 -5.2821600E-01 0.0000000E+00 0.0000000E+00
9.364353E-01 9.2068600E-06 -1.5838900E-05 -6.5740600E-04 3.4092100E-03 6.0937900E-01 -4.8630300E-01 0.0000000E+00 0.0000000E+00
3.116337E-01 -3.5488500E-06 6.9677700E-06 2.3901900E-04 -7.3370700E-04 4.0552600E-02 3.5136300E-01 1.0000000E+00 0.0000000E+00
1.527320E-01 2.0850200E-06 -4.0946800E-06 -1.4190700E-04 4.2500200E-04 -9.4494900E-03 6.6063300E-01 0.0000000E+00 0.0000000E+00
6.744430E-02 -5.3981900E-07 1.0343200E-06 3.7395600E-05 -1.1338600E-04 1.9280600E-03 2.7933100E-01 0.0000000E+00 1.0000000E+00
Pb p
6.167993E+08 2.7317300E-06 -1.4121400E-06 -7.0934000E-07 2.9761000E-07 7.4721800E-08 0.0000000E+00 0.0000000E+00
1.015044E+08 7.8879300E-06 -4.0787700E-06 -2.0489400E-06 8.5965800E-07 2.1583300E-07 0.0000000E+00 0.0000000E+00
2.034165E+07 2.3597800E-05 -1.2207700E-05 -6.1331300E-06 2.5733200E-06 6.4609700E-07 0.0000000E+00 0.0000000E+00
4.827704E+06 6.1761600E-05 -3.1978300E-05 -1.6068900E-05 6.7423700E-06 1.6928000E-06 0.0000000E+00 0.0000000E+00
1.324083E+06 1.5257000E-04 -7.9095000E-05 -3.9756500E-05 1.6682900E-05 4.1888000E-06 0.0000000E+00 0.0000000E+00
4.108017E+05 3.6141000E-04 -1.8775300E-04 -9.4418800E-05 3.9623900E-05 9.9482600E-06 0.0000000E+00 0.0000000E+00
1.415314E+05 8.4389700E-04 -4.3956400E-04 -2.2119100E-04 9.2843600E-05 2.3313800E-05 0.0000000E+00 0.0000000E+00
5.329189E+04 1.9745500E-03 -1.0328200E-03 -5.2022100E-04 2.1838800E-04 5.4827600E-05 0.0000000E+00 0.0000000E+00
2.163446E+04 4.6782000E-03 -2.4596500E-03 -1.2405200E-03 5.2100900E-04 1.3085800E-04 0.0000000E+00 0.0000000E+00
9.360218E+03 1.1238300E-02 -5.9593800E-03 -3.0113300E-03 1.2649800E-03 3.1756200E-04 0.0000000E+00 0.0000000E+00
4.273961E+03 2.7033800E-02 -1.4507500E-02 -7.3538000E-03 3.0924200E-03 7.7698100E-04 0.0000000E+00 0.0000000E+00
2.042608E+03 6.3283200E-02 -3.4677400E-02 -1.7661700E-02 7.4320400E-03 1.8658800E-03 0.0000000E+00 0.0000000E+00
1.014595E+03 1.3577200E-01 -7.6710800E-02 -3.9385900E-02 1.6613700E-02 4.1770700E-03 0.0000000E+00 0.0000000E+00
5.206175E+02 2.4515000E-01 -1.4471200E-01 -7.5109900E-02 3.1740600E-02 7.9708800E-03 0.0000000E+00 0.0000000E+00
2.744940E+02 3.2869600E-01 -1.9977400E-01 -1.0464200E-01 4.4364400E-02 1.1172600E-02 0.0000000E+00 0.0000000E+00
1.479765E+02 2.6847400E-01 -1.1437800E-01 -5.0041900E-02 2.0069800E-02 4.9634600E-03 0.0000000E+00 0.0000000E+00
8.117593E+01 1.0399000E-01 1.9916800E-01 1.6149100E-01 -7.4783000E-02 -1.8961700E-02 0.0000000E+00 0.0000000E+00
4.509411E+01 1.2659500E-02 4.9772700E-01 4.1843600E-01 -1.9839000E-01 -5.0896800E-02 0.0000000E+00 0.0000000E+00
2.523430E+01 5.1560400E-04 3.5700300E-01 2.3131600E-01 -9.4808000E-02 -2.3266000E-02 0.0000000E+00 0.0000000E+00
1.414110E+01 -2.1127400E-04 8.6235300E-02 -3.4702400E-01 2.2676500E-01 5.9824200E-02 0.0000000E+00 0.0000000E+00
7.882091E+00 1.3683800E-05 6.8598400E-03 -6.0225400E-01 4.4710400E-01 1.2425900E-01 0.0000000E+00 0.0000000E+00
4.335097E+00 -4.5930300E-05 9.5150400E-05 -2.7517500E-01 1.2840800E-01 2.7077800E-02 0.0000000E+00 0.0000000E+00
2.330551E+00 2.6255500E-05 8.8339700E-05 -3.0377400E-02 -4.8108500E-01 -1.6200400E-01 0.0000000E+00 0.0000000E+00
1.197151E+00 -7.3330200E-06 -1.2829000E-04 -2.5193500E-03 -5.6138800E-01 -2.1786000E-01 0.0000000E+00 0.0000000E+00
5.890206E-01 4.8177900E-06 2.6923600E-05 3.3460500E-04 -1.9459400E-01 -3.5192700E-02 0.0000000E+00 0.0000000E+00
2.380315E-01 -1.4073900E-06 -1.3768200E-05 -1.4241000E-04 -1.3643600E-02 3.6404400E-01 0.0000000E+00 0.0000000E+00
9.649276E-02 5.8546200E-07 5.9868900E-06 7.6802700E-05 -5.9338600E-05 5.7133800E-01 0.0000000E+00 0.0000000E+00
3.811838E-02 -1.8213400E-07 -1.6459200E-06 -2.0309700E-05 -1.6659700E-04 2.2085900E-01 0.0000000E+00 0.0000000E+00
3.200907E-01 0.0000000E+00 0.0000000E+00 0.0000000E+00 0.0000000E+00 0.0000000E+00 1.0000000E+00 0.0000000E+00
5.343444E-02 0.0000000E+00 0.0000000E+00 0.0000000E+00 0.0000000E+00 0.0000000E+00 0.0000000E+00 1.0000000E+00
Pb d
7.014260E+04 1.9336100E-05 1.0198000E-05 -3.4998600E-06 0.0000000E+00 0.0000000E+00
1.827388E+04 1.1560300E-04 6.0957500E-05 -2.0925100E-05 0.0000000E+00 0.0000000E+00
6.020203E+03 6.2175200E-04 3.2919200E-04 -1.1304900E-04 0.0000000E+00 0.0000000E+00
2.368226E+03 2.7752500E-03 1.4722600E-03 -5.0599100E-04 0.0000000E+00 0.0000000E+00
1.061128E+03 1.0591400E-02 5.6632700E-03 -1.9484000E-03 0.0000000E+00 0.0000000E+00
5.213094E+02 3.3465000E-02 1.8023600E-02 -6.2124600E-03 0.0000000E+00 0.0000000E+00
2.724917E+02 8.8451700E-02 4.8484500E-02 -1.6760400E-02 0.0000000E+00 0.0000000E+00
1.480925E+02 1.8766300E-01 1.0388600E-01 -3.5992500E-02 0.0000000E+00 0.0000000E+00
8.226597E+01 3.0246400E-01 1.6491800E-01 -5.6965900E-02 0.0000000E+00 0.0000000E+00
4.614670E+01 3.3205200E-01 1.5162200E-01 -4.9877900E-02 0.0000000E+00 0.0000000E+00
2.592443E+01 1.9974800E-01 -5.6676000E-02 3.5189800E-02 0.0000000E+00 0.0000000E+00
1.450701E+01 5.5144800E-02 -3.4216100E-01 1.4922100E-01 0.0000000E+00 0.0000000E+00
8.057179E+00 5.4031500E-03 -4.3561100E-01 1.8907400E-01 0.0000000E+00 0.0000000E+00
4.428885E+00 5.0997600E-04 -2.4512100E-01 2.4783700E-02 0.0000000E+00 0.0000000E+00
2.368229E+00 -7.4671900E-07 -5.4065600E-02 -2.7196600E-01 0.0000000E+00 0.0000000E+00
1.220219E+00 2.0657300E-05 -3.3015100E-03 -4.2723300E-01 0.0000000E+00 0.0000000E+00
6.077690E-01 -1.0475700E-05 -2.3796700E-04 -3.3810000E-01 0.0000000E+00 0.0000000E+00
2.866847E-01 4.1023600E-06 5.3494400E-05 -1.3838600E-01 1.0000000E+00 0.0000000E+00
1.171770E-01 -8.9332500E-07 -3.2475300E-06 -1.6248100E-02 0.0000000E+00 1.0000000E+00
Pb f
1.413704E+03 1.8587000E-04 0.0000000E+00
4.926126E+02 1.6188700E-03 0.0000000E+00
2.133208E+02 9.0502200E-03 0.0000000E+00
1.038843E+02 3.4356900E-02 0.0000000E+00
5.359135E+01 9.6782600E-02 0.0000000E+00
2.838238E+01 2.0576200E-01 0.0000000E+00
1.520702E+01 3.0345700E-01 0.0000000E+00
8.163449E+00 3.2289100E-01 0.0000000E+00
4.319177E+00 2.3470400E-01 0.0000000E+00
2.175056E+00 9.9922400E-02 0.0000000E+00
9.768260E-01 1.6538300E-02 0.0000000E+00
2.899157E-01 0.0000000E+00 1.0000000E+00
#BASIS SET:
Bi s
2.723573E+08 4.3567900E-04 -1.7294300E-04 8.3394600E-05 -4.2200400E-05 -1.9163400E-05 -6.7270100E-06 0.0000000E+00 0.0000000E+00
8.396504E+07 2.8952600E-04 -1.1468900E-04 5.5288300E-05 -2.7976400E-05 -1.2704500E-05 -4.4596500E-06 0.0000000E+00 0.0000000E+00
2.819802E+07 1.1298100E-03 -4.4810700E-04 2.1605800E-04 -1.0932900E-04 -4.9645900E-05 -1.7427400E-05 0.0000000E+00 0.0000000E+00
1.013126E+07 1.5797600E-03 -6.2644900E-04 3.0205200E-04 -1.5284800E-04 -6.9411600E-05 -2.4365600E-05 0.0000000E+00 0.0000000E+00
3.838644E+06 3.3004700E-03 -1.3111800E-03 6.3238600E-04 -3.2002000E-04 -1.4532100E-04 -5.1012800E-05 0.0000000E+00 0.0000000E+00
1.516773E+06 5.4286300E-03 -2.1623300E-03 1.0434100E-03 -5.2810200E-04 -2.3983800E-04 -8.4191500E-05 0.0000000E+00 0.0000000E+00
6.198628E+05 9.8685600E-03 -3.9500100E-03 1.9075100E-03 -9.6558100E-04 -4.3848700E-04 -1.5392700E-04 0.0000000E+00 0.0000000E+00
2.604865E+05 1.6772200E-02 -6.7663500E-03 3.2721100E-03 -1.6570500E-03 -7.5269500E-04 -2.6422800E-04 0.0000000E+00 0.0000000E+00
1.121455E+05 2.9315800E-02 -1.1973100E-02 5.8014900E-03 -2.9390300E-03 -1.3348200E-03 -4.6860000E-04 0.0000000E+00 0.0000000E+00
4.936518E+04 5.0088900E-02 -2.0861100E-02 1.0143200E-02 -5.1439700E-03 -2.3377100E-03 -8.2067400E-04 0.0000000E+00 0.0000000E+00
2.220299E+04 8.5606900E-02 -3.6755600E-02 1.7961100E-02 -9.1170800E-03 -4.1420000E-03 -1.4542800E-03 0.0000000E+00 0.0000000E+00
1.020636E+04 1.4128900E-01 -6.3712900E-02 3.1414800E-02 -1.5989400E-02 -7.2751300E-03 -2.5542800E-03 0.0000000E+00 0.0000000E+00
4.799056E+03 2.1736700E-01 -1.0603600E-01 5.3003100E-02 -2.7049100E-02 -1.2299800E-02 -4.3202500E-03 0.0000000E+00 0.0000000E+00
2.310438E+03 2.8085700E-01 -1.5481200E-01 7.9298700E-02 -4.0770700E-02 -1.8613300E-02 -6.5366000E-03 0.0000000E+00 0.0000000E+00
1.139773E+03 2.5395700E-01 -1.5667300E-01 8.2003200E-02 -4.2268000E-02 -1.9220200E-02 -6.7598300E-03 0.0000000E+00 0.0000000E+00
5.762312E+02 1.1670900E-01 2.4931100E-03 -1.2991400E-02 8.1474200E-03 3.7309600E-03 1.3412300E-03 0.0000000E+00 0.0000000E+00
2.983092E+02 1.5987600E-02 3.5139600E-01 -2.8930300E-01 1.6822400E-01 7.9503700E-02 2.8052800E-02 0.0000000E+00 0.0000000E+00
1.577851E+02 7.0862000E-04 5.1165100E-01 -5.4402500E-01 3.3597200E-01 1.5958300E-01 5.6690400E-02 0.0000000E+00 0.0000000E+00
8.493093E+01 -3.0299000E-04 2.3798100E-01 -2.0754000E-01 1.3821500E-01 7.0480900E-02 2.4919400E-02 0.0000000E+00 0.0000000E+00
4.623846E+01 1.8611100E-04 2.5473600E-02 6.5576700E-01 -6.8686300E-01 -3.8284500E-01 -1.3907700E-01 0.0000000E+00 0.0000000E+00
2.524136E+01 -1.6937700E-04 9.4966100E-04 6.3241600E-01 -8.8161500E-01 -5.0610800E-01 -1.8757400E-01 0.0000000E+00 0.0000000E+00
1.365711E+01 1.1172300E-04 -3.6377000E-04 1.1267500E-01 3.6973400E-01 2.8058500E-01 1.0954100E-01 0.0000000E+00 0.0000000E+00
7.215531E+00 -6.1609200E-05 1.3002500E-05 8.1735900E-03 9.7940800E-01 1.0814300E+00 4.5843800E-01 0.0000000E+00 0.0000000E+00
3.653953E+00 3.8862200E-05 -4.7968000E-05 -2.1698500E-03 2.4547000E-01 2.4421200E-01 1.0353500E-01 0.0000000E+00 0.0000000E+00
1.998286E+00 -2.1919500E-05 3.4005300E-05 1.2665600E-03 -4.4919800E-03 -9.5008500E-01 -5.9061400E-01 0.0000000E+00 0.0000000E+00
9.795496E-01 7.8214400E-06 -6.2797900E-06 -5.8957600E-04 4.2578400E-03 -5.7980000E-01 -4.9700600E-01 0.0000000E+00 0.0000000E+00
3.430562E-01 -3.0517100E-06 3.2234200E-06 2.1822700E-04 -1.0087700E-03 -3.4939600E-02 4.1998100E-01 1.0000000E+00 0.0000000E+00
1.673937E-01 1.7372900E-06 -1.9031500E-06 -1.2460400E-04 5.4044800E-04 6.8935100E-03 6.6021200E-01 0.0000000E+00 0.0000000E+00
7.563451E-02 -4.5404400E-07 4.5650400E-07 3.3468200E-05 -1.4577000E-04 -1.4128300E-03 2.4421500E-01 0.0000000E+00 1.0000000E+00
Bi p
6.786849E+08 2.7114400E-06 -1.4048200E-06 -7.0851300E-07 3.0244900E-07 -8.3702300E-08 0.0000000E+00 0.0000000E+00
1.128911E+08 7.7407900E-06 -4.0116900E-06 -2.0233700E-06 8.6373900E-07 -2.3903300E-07 0.0000000E+00 0.0000000E+00
2.271519E+07 2.3130100E-05 -1.1992600E-05 -6.0493700E-06 2.5824500E-06 -7.1470000E-07 0.0000000E+00 0.0000000E+00
5.387239E+06 6.0489600E-05 -3.1389100E-05 -1.5836400E-05 6.7607000E-06 -1.8709600E-06 0.0000000E+00 0.0000000E+00
1.471826E+06 1.4945600E-04 -7.7652200E-05 -3.9188900E-05 1.6731500E-05 -4.6306900E-06 0.0000000E+00 0.0000000E+00
4.539960E+05 3.5391300E-04 -1.8425600E-04 -9.3031700E-05 3.9723000E-05 -1.0992800E-05 0.0000000E+00 0.0000000E+00
1.553584E+05 8.2545300E-04 -4.3089500E-04 -2.1770600E-04 9.2974300E-05 -2.5735400E-05 0.0000000E+00 0.0000000E+00
5.809000E+04 1.9274500E-03 -1.0102900E-03 -5.1090200E-04 2.1822100E-04 -6.0384400E-05 0.0000000E+00 0.0000000E+00
2.342405E+04 4.5547800E-03 -2.3999000E-03 -1.2153100E-03 5.1931500E-04 -1.4378700E-04 0.0000000E+00 0.0000000E+00
1.007252E+04 1.0912400E-02 -5.7977500E-03 -2.9411600E-03 1.2571100E-03 -3.4781200E-04 0.0000000E+00 0.0000000E+00
4.574701E+03 2.6202700E-02 -1.4087700E-02 -7.1699100E-03 3.0675800E-03 -8.4973300E-04 0.0000000E+00 0.0000000E+00
2.176588E+03 6.1348000E-02 -3.3659000E-02 -1.7207500E-02 7.3675800E-03 -2.0384400E-03 0.0000000E+00 0.0000000E+00
1.077275E+03 1.3213200E-01 -7.4718900E-02 -3.8512400E-02 1.6527500E-02 -4.5819000E-03 0.0000000E+00 0.0000000E+00
5.512751E+02 2.4054200E-01 -1.4197800E-01 -7.3939700E-02 3.1792900E-02 -8.7975900E-03 0.0000000E+00 0.0000000E+00
2.901076E+02 3.2737500E-01 -1.9941500E-01 -1.0492900E-01 4.5263900E-02 -1.2574800E-02 0.0000000E+00 0.0000000E+00
1.562282E+02 2.7403500E-01 -1.2214900E-01 -5.5037400E-02 2.2655800E-02 -6.1663800E-03 0.0000000E+00 0.0000000E+00
8.569010E+01 1.1025400E-01 1.8355600E-01 1.5095600E-01 -7.1327300E-02 1.9906900E-02 0.0000000E+00 0.0000000E+00
4.764685E+01 1.4330000E-02 4.9150200E-01 4.1422400E-01 -1.9994900E-01 5.6717300E-02 0.0000000E+00 0.0000000E+00
2.672569E+01 5.7631800E-04 3.6902800E-01 2.5167000E-01 -1.0790200E-01 2.9169600E-02 0.0000000E+00 0.0000000E+00
1.504077E+01 -2.0255200E-04 9.4598200E-02 -3.1950000E-01 2.1530700E-01 -6.2467100E-02 0.0000000E+00 0.0000000E+00
8.441277E+00 8.8325000E-06 8.1536100E-03 -6.0258700E-01 4.5348000E-01 -1.4033000E-01 0.0000000E+00 0.0000000E+00
4.691227E+00 -4.7637300E-05 5.8210700E-05 -2.9671700E-01 1.6637400E-01 -4.1140600E-02 0.0000000E+00 0.0000000E+00
2.560591E+00 2.7389000E-05 1.4211500E-04 -3.7616900E-02 -4.5678000E-01 1.7049000E-01 0.0000000E+00 0.0000000E+00
1.332357E+00 -7.4785800E-06 -1.6386500E-04 -2.9644500E-03 -5.8105100E-01 2.5535900E-01 0.0000000E+00 0.0000000E+00
6.674704E-01 5.2118300E-06 3.9709800E-05 3.5920600E-04 -2.1315800E-01 4.8426600E-02 0.0000000E+00 0.0000000E+00
2.769267E-01 -1.5901000E-06 -1.9639300E-05 -1.6235600E-04 -1.6051600E-02 -3.8990500E-01 0.0000000E+00 0.0000000E+00
1.192403E-01 6.8327800E-07 8.8173800E-06 8.7697300E-05 3.5558200E-04 -5.5565200E-01 0.0000000E+00 0.0000000E+00
4.976668E-02 -2.1119700E-07 -2.4548300E-06 -2.5130200E-05 -1.5521800E-04 -2.1523200E-01 0.0000000E+00 0.0000000E+00
3.865659E-01 0.0000000E+00 0.0000000E+00 0.0000000E+00 0.0000000E+00 0.0000000E+00 1.0000000E+00 0.0000000E+00
6.791497E-02 0.0000000E+00 0.0000000E+00 0.0000000E+00 0.0000000E+00 0.0000000E+00 0.0000000E+00 1.0000000E+00
Bi d
7.449082E+04 1.8881000E-05 1.0019100E-05 3.5746400E-06 0.0000000E+00 0.0000000E+00
1.955358E+04 1.1009500E-04 5.8455300E-05 2.0869000E-05 0.0000000E+00 0.0000000E+00
6.484034E+03 5.7937500E-04 3.0859000E-04 1.1016400E-04 0.0000000E+00 0.0000000E+00
2.563968E+03 2.5398100E-03 1.3565300E-03 4.8488300E-04 0.0000000E+00 0.0000000E+00
1.153231E+03 9.5932400E-03 5.1582900E-03 1.8447600E-03 0.0000000E+00 0.0000000E+00
5.680785E+02 3.0331500E-02 1.6438100E-02 5.8926100E-03 0.0000000E+00 0.0000000E+00
2.975293E+02 8.0785500E-02 4.4475800E-02 1.5979400E-02 0.0000000E+00 0.0000000E+00
1.620092E+02 1.7484700E-01 9.7487200E-02 3.5139800E-02 0.0000000E+00 0.0000000E+00
9.022821E+01 2.8981900E-01 1.5956300E-01 5.7328300E-02 0.0000000E+00 0.0000000E+00
5.081754E+01 3.3446800E-01 1.6136100E-01 5.6074800E-02 0.0000000E+00 0.0000000E+00
2.872957E+01 2.1856700E-01 -2.1988400E-02 -2.2340800E-02 0.0000000E+00 0.0000000E+00
1.622899E+01 6.8307300E-02 -3.0596700E-01 -1.4043900E-01 0.0000000E+00 0.0000000E+00
9.133912E+00 8.2032400E-03 -4.3443500E-01 -1.9871100E-01 0.0000000E+00 0.0000000E+00
5.110499E+00 6.0473900E-04 -2.8022500E-01 -6.6942700E-02 0.0000000E+00 0.0000000E+00
2.791862E+00 6.0758500E-05 -7.5757500E-02 2.2926200E-01 0.0000000E+00 0.0000000E+00
1.473380E+00 8.8436000E-07 -6.2524300E-03 4.2452300E-01 0.0000000E+00 0.0000000E+00
7.489149E-01 -1.1969400E-06 -3.0188300E-04 3.6892100E-01 0.0000000E+00 0.0000000E+00
3.541333E-01 7.5218100E-07 5.9262600E-05 1.5930200E-01 1.0000000E+00 0.0000000E+00
1.401010E-01 1.1825800E-07 3.7685500E-06 1.8502300E-02 0.0000000E+00 1.0000000E+00
Bi f
1.586440E+03 1.5771500E-04 0.0000000E+00
5.409940E+02 1.4580000E-03 0.0000000E+00
2.296317E+02 8.5570600E-03 0.0000000E+00
1.104112E+02 3.3474800E-02 0.0000000E+00
5.671034E+01 9.4906900E-02 0.0000000E+00
3.010078E+01 2.0219900E-01 0.0000000E+00
1.622005E+01 3.0041600E-01 0.0000000E+00
8.763778E+00 3.2349200E-01 0.0000000E+00
4.666970E+00 2.3759800E-01 0.0000000E+00
2.372336E+00 1.0130000E-01 0.0000000E+00
1.087381E+00 1.6744900E-02 0.0000000E+00
3.172418E-01 0.0000000E+00 1.0000000E+00
#BASIS SET:
Po s
2.863230E+08 4.4814000E-04 -1.7882000E-04 8.6363100E-05 -4.3838200E-05 -2.0141500E-05 -7.3494500E-06 0.0000000E+00 0.0000000E+00
8.777846E+07 3.0510800E-04 -1.2148100E-04 5.8653000E-05 -2.9771000E-05 -1.3678500E-05 -4.9910900E-06 0.0000000E+00 0.0000000E+00
2.928443E+07 1.1692600E-03 -4.6613000E-04 2.2509500E-04 -1.1425500E-04 -5.2493600E-05 -1.9154500E-05 0.0000000E+00 0.0000000E+00
1.045206E+07 1.6524500E-03 -6.5859000E-04 3.1803500E-04 -1.6143500E-04 -7.4173300E-05 -2.7064900E-05 0.0000000E+00 0.0000000E+00
3.936729E+06 3.4349600E-03 -1.3715300E-03 6.6251000E-04 -3.3630400E-04 -1.5451300E-04 -5.6380700E-05 0.0000000E+00 0.0000000E+00
1.548070E+06 5.6594800E-03 -2.2656900E-03 1.0949500E-03 -5.5590900E-04 -2.5543700E-04 -9.3206500E-05 0.0000000E+00 0.0000000E+00
6.304771E+05 1.0253100E-02 -4.1249500E-03 1.9951000E-03 -1.0130600E-03 -4.6546600E-04 -1.6984900E-04 0.0000000E+00 0.0000000E+00
2.644063E+05 1.7375400E-02 -7.0461000E-03 3.4126900E-03 -1.7336100E-03 -7.9673400E-04 -2.9072700E-04 0.0000000E+00 0.0000000E+00
1.137480E+05 3.0227600E-02 -1.2411500E-02 6.0236800E-03 -3.0611300E-03 -1.4066600E-03 -5.1332000E-04 0.0000000E+00 0.0000000E+00
5.008697E+04 5.1363000E-02 -2.1509800E-02 1.0475500E-02 -5.3290800E-03 -2.4503300E-03 -8.9416500E-04 0.0000000E+00 0.0000000E+00
2.255262E+04 8.7221400E-02 -3.7663200E-02 1.8436800E-02 -9.3882000E-03 -4.3155200E-03 -1.5750600E-03 0.0000000E+00 0.0000000E+00
1.038323E+04 1.4291700E-01 -6.4823400E-02 3.2016700E-02 -1.6347300E-02 -7.5255900E-03 -2.7465100E-03 0.0000000E+00 0.0000000E+00
4.890386E+03 2.1822700E-01 -1.0705100E-01 5.3611700E-02 -2.7447400E-02 -1.2628600E-02 -4.6110300E-03 0.0000000E+00 0.0000000E+00
2.357907E+03 2.7990300E-01 -1.5487200E-01 7.9440700E-02 -4.0972100E-02 -1.8926000E-02 -6.9088600E-03 0.0000000E+00 0.0000000E+00
1.164438E+03 2.5146300E-01 -1.5441400E-01 8.0825800E-02 -4.1772900E-02 -1.9217000E-02 -7.0259900E-03 0.0000000E+00 0.0000000E+00
5.890196E+02 1.1482400E-01 7.8742800E-03 -1.6882400E-02 1.0354000E-02 4.8178600E-03 1.7941500E-03 0.0000000E+00 0.0000000E+00
3.049403E+02 1.5579200E-02 3.5665500E-01 -2.9516400E-01 1.7241400E-01 8.2486300E-02 3.0265600E-02 0.0000000E+00 0.0000000E+00
1.612502E+02 6.8954700E-04 5.0944200E-01 -5.4491800E-01 3.3823400E-01 1.6273200E-01 6.0123900E-02 0.0000000E+00 0.0000000E+00
8.678467E+01 -3.0358600E-04 2.3232700E-01 -1.9265400E-01 1.2759000E-01 6.5966200E-02 2.4231700E-02 0.0000000E+00 0.0000000E+00
4.727985E+01 1.8891600E-04 2.4127900E-02 6.6496600E-01 -7.0442300E-01 -3.9866000E-01 -1.5083100E-01 0.0000000E+00 0.0000000E+00
2.587362E+01 -1.7328100E-04 9.1748400E-04 6.2089400E-01 -8.6872000E-01 -5.0540600E-01 -1.9522000E-01 0.0000000E+00 0.0000000E+00
1.407724E+01 1.1698600E-04 -3.5737600E-04 1.0957300E-01 3.7725600E-01 2.8926900E-01 1.1788400E-01 0.0000000E+00 0.0000000E+00
7.514642E+00 -6.6032400E-05 5.6067800E-06 8.2516000E-03 9.7077500E-01 1.0985900E+00 4.8802500E-01 0.0000000E+00 0.0000000E+00
3.871252E+00 4.0997500E-05 -3.9865400E-05 -2.1624200E-03 2.5040200E-01 2.3954400E-01 1.0486100E-01 0.0000000E+00 0.0000000E+00
2.091537E+00 -2.2796600E-05 2.9273200E-05 1.2242100E-03 -1.5586100E-03 -9.6126500E-01 -6.3339300E-01 0.0000000E+00 0.0000000E+00
1.042033E+00 8.5296600E-06 -4.5905000E-06 -5.9809000E-04 3.8296700E-03 -5.7232600E-01 -5.2344700E-01 0.0000000E+00 0.0000000E+00
3.788697E-01 -3.2975700E-06 2.4148500E-06 2.2083600E-04 -8.9907500E-04 -3.3550300E-02 4.8331500E-01 1.0000000E+00 0.0000000E+00
1.826290E-01 1.8241600E-06 -1.4695800E-06 -1.2133700E-04 4.5363800E-04 5.9339700E-03 6.5694900E-01 0.0000000E+00 0.0000000E+00
8.447552E-02 -4.8860200E-07 3.3412600E-07 3.3671900E-05 -1.2932100E-04 -1.2862700E-03 2.1669500E-01 0.0000000E+00 1.0000000E+00
Po p
7.065918E+08 2.8071400E-06 -1.4576500E-06 -7.3807600E-07 3.2019600E-07 -9.4664500E-08 0.0000000E+00 0.0000000E+00
1.177221E+08 7.9957200E-06 -4.1530700E-06 -2.1030100E-06 9.1234800E-07 -2.6972700E-07 0.0000000E+00 0.0000000E+00
2.367261E+07 2.3889700E-05 -1.2414100E-05 -6.2868700E-06 2.7275100E-06 -8.0638600E-07 0.0000000E+00 0.0000000E+00
5.603341E+06 6.2476700E-05 -3.2493200E-05 -1.6458700E-05 7.1407800E-06 -2.1111100E-06 0.0000000E+00 0.0000000E+00
1.526901E+06 1.5433300E-04 -8.0366700E-05 -4.0719800E-05 1.7668000E-05 -5.2237400E-06 0.0000000E+00 0.0000000E+00
4.697093E+05 3.6512700E-04 -1.9053000E-04 -9.6586100E-05 4.1912500E-05 -1.2391000E-05 0.0000000E+00 0.0000000E+00
1.603396E+05 8.5003300E-04 -4.4475200E-04 -2.2559700E-04 9.7912200E-05 -2.8951900E-05 0.0000000E+00 0.0000000E+00
5.983258E+04 1.9791200E-03 -1.0398700E-03 -5.2800900E-04 2.2920700E-04 -6.7759900E-05 0.0000000E+00 0.0000000E+00
2.409185E+04 4.6587800E-03 -2.4606000E-03 -1.2509700E-03 5.4325400E-04 -1.6067400E-04 0.0000000E+00 0.0000000E+00
1.035029E+04 1.1109800E-02 -5.9177600E-03 -3.0146400E-03 1.3095700E-03 -3.8712700E-04 0.0000000E+00 0.0000000E+00
4.698606E+03 2.6545100E-02 -1.4307800E-02 -7.3105700E-03 3.1787400E-03 -9.4051600E-04 0.0000000E+00 0.0000000E+00
2.235010E+03 6.1869900E-02 -3.4036600E-02 -1.7475600E-02 7.6049700E-03 -2.2483700E-03 0.0000000E+00 0.0000000E+00
1.105922E+03 1.3281200E-01 -7.5285300E-02 -3.8955600E-02 1.6990900E-02 -5.0309200E-03 0.0000000E+00 0.0000000E+00
5.656292E+02 2.4137300E-01 -1.4281500E-01 -7.4706900E-02 3.2651500E-02 -9.6567800E-03 0.0000000E+00 0.0000000E+00
2.973177E+02 3.2815500E-01 -2.0005700E-01 -1.0560000E-01 4.6292900E-02 -1.3730500E-02 0.0000000E+00 0.0000000E+00
1.597752E+02 2.7373700E-01 -1.2044300E-01 -5.4092300E-02 2.2564400E-02 -6.5767000E-03 0.0000000E+00 0.0000000E+00
8.734112E+01 1.0862300E-01 1.9243900E-01 1.5894200E-01 -7.6466400E-02 2.2887600E-02 0.0000000E+00 0.0000000E+00
4.832585E+01 1.3468100E-02 5.0011200E-01 4.2405000E-01 -2.0836200E-01 6.3096400E-02 0.0000000E+00 0.0000000E+00
2.692384E+01 5.3685300E-04 3.6172900E-01 2.3686800E-01 -1.0082200E-01 2.9161800E-02 0.0000000E+00 0.0000000E+00
1.501955E+01 -2.2808300E-04 8.6141800E-02 -3.6115200E-01 2.4714700E-01 -7.7611900E-02 0.0000000E+00 0.0000000E+00
8.337417E+00 2.6446300E-05 6.5492300E-03 -6.0981800E-01 4.7842200E-01 -1.5875300E-01 0.0000000E+00 0.0000000E+00
4.572823E+00 -5.2095000E-05 -2.4962900E-05 -2.6066500E-01 9.7751300E-02 -1.8737700E-02 0.0000000E+00 0.0000000E+00
2.457970E+00 3.2805500E-05 1.0869800E-04 -2.6025500E-02 -5.3584300E-01 2.2010800E-01 0.0000000E+00 0.0000000E+00
1.271887E+00 -1.0901700E-05 -1.5450700E-04 -2.2521700E-03 -5.4790000E-01 2.7135700E-01 0.0000000E+00 0.0000000E+00
6.328844E-01 6.8384500E-06 4.7138900E-05 4.3857600E-04 -1.5026400E-01 -2.1335100E-02 0.0000000E+00 0.0000000E+00
2.845980E-01 -2.6126700E-06 -2.2478700E-05 -1.7239100E-04 -8.5150900E-03 -4.4806900E-01 0.0000000E+00 0.0000000E+00
1.236868E-01 1.0027700E-06 1.0011100E-05 9.6320700E-05 -1.1184600E-03 -5.1602000E-01 0.0000000E+00 0.0000000E+00
5.201417E-02 -3.0749500E-07 -2.5063100E-06 -2.1884400E-05 -3.1234000E-05 -1.7773900E-01 0.0000000E+00 0.0000000E+00
4.357344E-01 0.0000000E+00 0.0000000E+00 0.0000000E+00 0.0000000E+00 0.0000000E+00 1.0000000E+00 0.0000000E+00
7.414714E-02 0.0000000E+00 0.0000000E+00 0.0000000E+00 0.0000000E+00 0.0000000E+00 0.0000000E+00 1.0000000E+00
Po d
7.352306E+04 2.0542900E-05 1.0973800E-05 4.0537400E-06 0.0000000E+00 0.0000000E+00
1.935681E+04 1.1912400E-04 6.3634500E-05 2.3517600E-05 0.0000000E+00 0.0000000E+00
6.433082E+03 6.2426200E-04 3.3480100E-04 1.2375500E-04 0.0000000E+00 0.0000000E+00
2.548205E+03 2.7228100E-03 1.4633400E-03 5.4150400E-04 0.0000000E+00 0.0000000E+00
1.147637E+03 1.0228500E-02 5.5397400E-03 2.0515600E-03 0.0000000E+00 0.0000000E+00
5.658065E+02 3.2109100E-02 1.7516300E-02 6.5014100E-03 0.0000000E+00 0.0000000E+00
2.964262E+02 8.4971300E-02 4.7155900E-02 1.7548700E-02 0.0000000E+00 0.0000000E+00
1.613394E+02 1.8192600E-01 1.0204000E-01 3.8081800E-02 0.0000000E+00 0.0000000E+00
8.973643E+01 2.9741400E-01 1.6459500E-01 6.1225900E-02 0.0000000E+00 0.0000000E+00
5.042124E+01 3.3368700E-01 1.5733300E-01 5.5999000E-02 0.0000000E+00 0.0000000E+00
2.840602E+01 2.0765400E-01 -4.3540600E-02 -3.3099300E-02 0.0000000E+00 0.0000000E+00
1.597212E+01 6.0297700E-02 -3.3189800E-01 -1.5781800E-01 0.0000000E+00 0.0000000E+00
8.938856E+00 6.3284200E-03 -4.3743600E-01 -2.0777200E-01 0.0000000E+00 0.0000000E+00
4.969727E+00 5.3025500E-04 -2.5435600E-01 -3.4525800E-02 0.0000000E+00 0.0000000E+00
2.703349E+00 -7.6533600E-07 -5.9451000E-02 2.7540100E-01 0.0000000E+00 0.0000000E+00
1.453892E+00 2.0561500E-05 -3.8928500E-03 4.2256800E-01 0.0000000E+00 0.0000000E+00
7.711859E-01 -1.0701000E-05 -3.2079100E-04 3.3089900E-01 0.0000000E+00 0.0000000E+00
3.809794E-01 4.4944400E-06 9.9711900E-05 1.3697600E-01 1.0000000E+00 0.0000000E+00
1.540669E-01 -5.9703000E-07 2.4918600E-06 1.5433800E-02 0.0000000E+00 1.0000000E+00
Po f
1.680308E+03 1.5078500E-04 0.0000000E+00
5.730912E+02 1.3928000E-03 0.0000000E+00
2.430633E+02 8.2048300E-03 0.0000000E+00
1.168352E+02 3.2398700E-02 0.0000000E+00
6.005948E+01 9.2483500E-02 0.0000000E+00
3.194376E+01 1.9880100E-01 0.0000000E+00
1.726750E+01 2.9855700E-01 0.0000000E+00
9.369234E+00 3.2445300E-01 0.0000000E+00
5.017687E+00 2.3998100E-01 0.0000000E+00
2.571425E+00 1.0258200E-01 0.0000000E+00
1.193615E+00 1.6734600E-02 0.0000000E+00
3.252384E-01 0.0000000E+00 1.0000000E+00
#BASIS SET:
At s
2.970681E+08 4.6580100E-04 -1.8685000E-04 9.0379000E-05 -4.6016500E-05 -2.1381200E-05 8.0473100E-06 0.0000000E+00 0.0000000E+00
9.102905E+07 3.1698500E-04 -1.2686200E-04 6.1343000E-05 -3.1231000E-05 -1.4511400E-05 5.4615300E-06 0.0000000E+00 0.0000000E+00
3.032105E+07 1.2128500E-03 -4.8602200E-04 2.3505600E-04 -1.1967500E-04 -5.5604700E-05 2.0928300E-05 0.0000000E+00 0.0000000E+00
1.079844E+07 1.7141200E-03 -6.8666300E-04 3.3209000E-04 -1.6908100E-04 -7.8563800E-05 2.9568500E-05 0.0000000E+00 0.0000000E+00
4.057473E+06 3.5574600E-03 -1.4277100E-03 6.9068400E-04 -3.5167400E-04 -1.6340000E-04 6.1500700E-05 0.0000000E+00 0.0000000E+00
1.591912E+06 5.8532300E-03 -2.3551600E-03 1.1399100E-03 -5.8048800E-04 -2.6974300E-04 1.0152100E-04 0.0000000E+00 0.0000000E+00
6.470790E+05 1.0580100E-02 -4.2782200E-03 2.0723500E-03 -1.0555000E-03 -4.9044700E-04 1.8460200E-04 0.0000000E+00 0.0000000E+00
2.709836E+05 1.7873200E-02 -7.2852100E-03 3.5338700E-03 -1.8006100E-03 -8.3687300E-04 3.1496600E-04 0.0000000E+00 0.0000000E+00
1.164840E+05 3.0973900E-02 -1.2784100E-02 6.2140400E-03 -3.1675800E-03 -1.4720500E-03 5.5412800E-04 0.0000000E+00 0.0000000E+00
5.128439E+04 5.2362600E-02 -2.2044100E-02 1.0752600E-02 -5.4866500E-03 -2.5512600E-03 9.6018100E-04 0.0000000E+00 0.0000000E+00
2.310349E+04 8.8393100E-02 -3.8372200E-02 1.8813800E-02 -9.6100400E-03 -4.4675600E-03 1.6821700E-03 0.0000000E+00 0.0000000E+00
1.064856E+04 1.4382600E-01 -6.5574000E-02 3.2440000E-02 -1.6613500E-02 -7.7345300E-03 2.9108200E-03 0.0000000E+00 0.0000000E+00
5.023361E+03 2.1808100E-01 -1.0745500E-01 5.3896200E-02 -2.7680600E-02 -1.2880600E-02 4.8532000E-03 0.0000000E+00 0.0000000E+00
2.426768E+03 2.7811900E-01 -1.5419900E-01 7.9191100E-02 -4.0960000E-02 -1.9133900E-02 7.1993000E-03 0.0000000E+00 0.0000000E+00
1.201036E+03 2.4967100E-01 -1.5255300E-01 7.9803800E-02 -4.1365200E-02 -1.9244100E-02 7.2712200E-03 0.0000000E+00 0.0000000E+00
6.088567E+02 1.1501100E-01 8.5837100E-03 -1.7576200E-02 1.0844300E-02 5.1169400E-03 -1.9991800E-03 0.0000000E+00 0.0000000E+00
3.158401E+02 1.6067600E-02 3.5338700E-01 -2.9303900E-01 1.7168300E-01 8.3087900E-02 -3.1373100E-02 0.0000000E+00 0.0000000E+00
1.672823E+02 6.7688800E-04 5.0794000E-01 -5.4237900E-01 3.3784700E-01 1.6449000E-01 -6.2897800E-02 0.0000000E+00 0.0000000E+00
9.012126E+01 -2.7319800E-04 2.3518900E-01 -1.9843000E-01 1.3133400E-01 6.8508200E-02 -2.5574600E-02 0.0000000E+00 0.0000000E+00
4.910664E+01 1.6614600E-04 2.4918500E-02 6.6023100E-01 -7.0058000E-01 -4.0135900E-01 1.5603900E-01 0.0000000E+00 0.0000000E+00
2.685088E+01 -1.5652900E-04 9.7377600E-04 6.2602400E-01 -8.7968600E-01 -5.1965200E-01 2.0904900E-01 0.0000000E+00 0.0000000E+00
1.457910E+01 1.0557800E-04 -3.9950000E-04 1.1101100E-01 3.8355200E-01 3.0066500E-01 -1.2974400E-01 0.0000000E+00 0.0000000E+00
7.755960E+00 -5.9161200E-05 3.6134300E-05 8.1045600E-03 9.7827800E-01 1.1324000E+00 -5.1844800E-01 0.0000000E+00 0.0000000E+00
3.975877E+00 3.7729600E-05 -5.9625200E-05 -2.2503900E-03 2.4059600E-01 2.1078600E-01 -1.0164900E-01 0.0000000E+00 0.0000000E+00
2.173525E+00 -2.1657100E-05 4.2429300E-05 1.2975000E-03 -2.0905300E-03 -9.7871300E-01 6.9304700E-01 0.0000000E+00 0.0000000E+00
1.098690E+00 7.9843000E-06 -9.5319500E-06 -6.2182200E-04 3.5590400E-03 -5.5743100E-01 5.1730600E-01 0.0000000E+00 0.0000000E+00
3.897755E-01 -2.9632800E-06 3.9976100E-06 2.2428000E-04 -7.5433600E-04 -3.0885000E-02 -6.0300100E-01 1.0000000E+00 0.0000000E+00
1.862531E-01 1.7437700E-06 -2.5695300E-06 -1.2975400E-04 3.7828200E-04 6.6002200E-03 -5.9557800E-01 0.0000000E+00 0.0000000E+00
9.212907E-02 -5.1563400E-07 6.8945400E-07 3.9807900E-05 -1.2085900E-04 -1.6588300E-03 -1.7712800E-01 0.0000000E+00 1.0000000E+00
At p
7.232325E+08 2.9396300E-06 -1.5298100E-06 -7.7764400E-07 3.4255900E-07 -1.0720600E-07 0.0000000E+00 0.0000000E+00
1.210266E+08 8.3230200E-06 -4.3326200E-06 -2.2025100E-06 9.7023300E-07 -3.0363800E-07 0.0000000E+00 0.0000000E+00
2.442881E+07 2.4771400E-05 -1.2900800E-05 -6.5588800E-06 2.8893600E-06 -9.0425500E-07 0.0000000E+00 0.0000000E+00
5.800464E+06 6.4497100E-05 -3.3618300E-05 -1.7095300E-05 7.5312400E-06 -2.3569400E-06 0.0000000E+00 0.0000000E+00
1.584609E+06 1.5864900E-04 -8.2798700E-05 -4.2116400E-05 1.8555600E-05 -5.8073500E-06 0.0000000E+00 0.0000000E+00
4.884117E+05 3.7358200E-04 -1.9537900E-04 -9.9432300E-05 4.3812700E-05 -1.3711600E-05 0.0000000E+00 0.0000000E+00
1.669596E+05 8.6525900E-04 -4.5374800E-04 -2.3106600E-04 1.0183200E-04 -3.1873000E-05 0.0000000E+00 0.0000000E+00
6.236079E+04 2.0031000E-03 -1.0548600E-03 -5.3772800E-04 2.3702700E-04 -7.4180100E-05 0.0000000E+00 0.0000000E+00
2.512247E+04 4.6867100E-03 -2.4811100E-03 -1.2663900E-03 5.5843200E-04 -1.7482000E-04 0.0000000E+00 0.0000000E+00
1.079462E+04 1.1108200E-02 -5.9304200E-03 -3.0330000E-03 1.3378900E-03 -4.1871800E-04 0.0000000E+00 0.0000000E+00
4.899639E+03 2.6396400E-02 -1.4259900E-02 -7.3150300E-03 3.2297600E-03 -1.0114300E-03 0.0000000E+00 0.0000000E+00
2.329857E+03 6.1276100E-02 -3.3777800E-02 -1.7410400E-02 7.6937600E-03 -2.4083600E-03 0.0000000E+00 0.0000000E+00
1.152350E+03 1.3135100E-01 -7.4585700E-02 -3.8743800E-02 1.7159500E-02 -5.3772900E-03 0.0000000E+00 0.0000000E+00
5.891171E+02 2.3913900E-01 -1.4165000E-01 -7.4373100E-02 3.3008900E-02 -1.0338200E-02 0.0000000E+00 0.0000000E+00
3.095632E+02 3.2706400E-01 -1.9969700E-01 -1.0582500E-01 4.7110100E-02 -1.4783800E-02 0.0000000E+00 0.0000000E+00
1.663403E+02 2.7601500E-01 -1.2373400E-01 -5.6326100E-02 2.3927600E-02 -7.4064300E-03 0.0000000E+00 0.0000000E+00
9.095435E+01 1.1165100E-01 1.8528100E-01 1.5463700E-01 -7.5710300E-02 2.4057100E-02 0.0000000E+00 0.0000000E+00
5.036376E+01 1.4307200E-02 4.9703100E-01 4.2301100E-01 -2.1131600E-01 6.7725100E-02 0.0000000E+00 0.0000000E+00
2.809900E+01 5.6751600E-04 3.6728800E-01 2.4679800E-01 -1.0803300E-01 3.3363300E-02 0.0000000E+00 0.0000000E+00
1.570996E+01 -2.2706800E-04 9.0052600E-02 -3.5028900E-01 2.4541200E-01 -8.2256700E-02 0.0000000E+00 0.0000000E+00
8.748518E+00 2.6208800E-05 7.0229400E-03 -6.1251300E-01 4.8996800E-01 -1.7242700E-01 0.0000000E+00 0.0000000E+00
4.819128E+00 -5.3611500E-05 -3.6110400E-05 -2.6845900E-01 1.1005900E-01 -2.4822900E-02 0.0000000E+00 0.0000000E+00
2.605058E+00 3.4477000E-05 1.1621100E-04 -2.8018700E-02 -5.3932600E-01 2.3964400E-01 0.0000000E+00 0.0000000E+00
1.358503E+00 -1.1584400E-05 -1.6586800E-04 -2.3039200E-03 -5.5531300E-01 2.9582400E-01 0.0000000E+00 0.0000000E+00
6.791994E-01 7.3963100E-06 5.3542400E-05 4.6272300E-04 -1.4747900E-01 -3.5107200E-02 0.0000000E+00 0.0000000E+00
3.166151E-01 -2.9732300E-06 -2.5141700E-05 -1.7121600E-04 -8.2416500E-03 -4.6545900E-01 0.0000000E+00 0.0000000E+00
1.390963E-01 1.0570500E-06 1.1456800E-05 1.0892300E-04 -1.8338400E-03 -5.0612600E-01 0.0000000E+00 0.0000000E+00
5.880300E-02 -3.3473300E-07 -2.5483100E-06 -1.8599700E-05 -1.2538700E-04 -1.6951400E-01 0.0000000E+00 0.0000000E+00
5.009000E-01 0.0000000E+00 0.0000000E+00 0.0000000E+00 0.0000000E+00 0.0000000E+00 1.0000000E+00 0.0000000E+00
8.688228E-02 0.0000000E+00 0.0000000E+00 0.0000000E+00 0.0000000E+00 0.0000000E+00 0.0000000E+00 1.0000000E+00
At d
8.214541E+04 1.8732400E-05 1.0066900E-05 -3.8347300E-06 0.0000000E+00 0.0000000E+00
2.150389E+04 1.0810500E-04 5.8113200E-05 -2.2148000E-05 0.0000000E+00 0.0000000E+00
7.093868E+03 5.6615800E-04 3.0542300E-04 -1.1641700E-04 0.0000000E+00 0.0000000E+00
2.786927E+03 2.4823600E-03 1.3423800E-03 -5.1226000E-04 0.0000000E+00 0.0000000E+00
1.244904E+03 9.4292500E-03 5.1354000E-03 -1.9611100E-03 0.0000000E+00 0.0000000E+00
6.092353E+02 3.0067300E-02 1.6498800E-02 -6.3149900E-03 0.0000000E+00 0.0000000E+00
3.172916E+02 8.0748800E-02 4.5034200E-02 -1.7281000E-02 0.0000000E+00 0.0000000E+00
1.720234E+02 1.7565700E-01 9.9167900E-02 -3.8175800E-02 0.0000000E+00 0.0000000E+00
9.553947E+01 2.9153200E-01 1.6262600E-01 -6.2410700E-02 0.0000000E+00 0.0000000E+00
5.374860E+01 3.3478100E-01 1.6262800E-01 -6.0127100E-02 0.0000000E+00 0.0000000E+00
3.040247E+01 2.1703600E-01 -2.5571100E-02 2.6337400E-02 0.0000000E+00 0.0000000E+00
1.720896E+01 6.7472600E-02 -3.1194900E-01 1.5441600E-01 0.0000000E+00 0.0000000E+00
9.717680E+00 7.9428600E-03 -4.3649200E-01 2.1581000E-01 0.0000000E+00 0.0000000E+00
5.460531E+00 5.8895800E-04 -2.7313800E-01 5.9125400E-02 0.0000000E+00 0.0000000E+00
3.006683E+00 2.7255800E-05 -7.0975500E-02 -2.5801400E-01 0.0000000E+00 0.0000000E+00
1.624283E+00 9.6066200E-06 -5.4395700E-03 -4.3583100E-01 0.0000000E+00 0.0000000E+00
8.596078E-01 -5.4466800E-06 -2.9177000E-04 -3.4250300E-01 0.0000000E+00 0.0000000E+00
4.270339E-01 3.0763700E-06 1.0416300E-04 -1.3463700E-01 1.0000000E+00 0.0000000E+00
1.764374E-01 -1.1032100E-07 9.5675800E-06 -1.5462100E-02 0.0000000E+00 1.0000000E+00
At f
1.742567E+03 1.5088900E-04 0.0000000E+00
5.970114E+02 1.3739000E-03 0.0000000E+00
2.542577E+02 8.0123600E-03 0.0000000E+00
1.226928E+02 3.1581200E-02 0.0000000E+00
6.330838E+01 9.0270800E-02 0.0000000E+00
3.379764E+01 1.9535400E-01 0.0000000E+00
1.833912E+01 2.9650800E-01 0.0000000E+00
9.990203E+00 3.2551700E-01 0.0000000E+00
5.373007E+00 2.4269700E-01 0.0000000E+00
2.766393E+00 1.0372800E-01 0.0000000E+00
1.290882E+00 1.6337900E-02 0.0000000E+00
3.712664E-01 0.0000000E+00 1.0000000E+00
#BASIS SET:
Rn s
3.398612E+08 4.5453800E-04 -1.8332700E-04 8.8809000E-05 -4.5352300E-05 -2.1300300E-05 -8.2248700E-06 0.0000000E+00 0.0000000E+00
1.045344E+08 3.0439600E-04 -1.2246100E-04 5.9302800E-05 -3.0282500E-05 -1.4222800E-05 -5.4917900E-06 0.0000000E+00 0.0000000E+00
3.484922E+07 1.1766100E-03 -4.7398900E-04 2.2957700E-04 -1.1723300E-04 -5.5059100E-05 -2.1260500E-05 0.0000000E+00 0.0000000E+00
1.240034E+07 1.6571600E-03 -6.6721800E-04 3.2315600E-04 -1.6502300E-04 -7.7507200E-05 -2.9927700E-05 0.0000000E+00 0.0000000E+00
4.651312E+06 3.4397800E-03 -1.3873400E-03 6.7211800E-04 -3.4323400E-04 -1.6120200E-04 -6.2247300E-05 0.0000000E+00 0.0000000E+00
1.821152E+06 5.6475700E-03 -2.2831400E-03 1.1066000E-03 -5.6520600E-04 -2.6547900E-04 -1.0250900E-04 0.0000000E+00 0.0000000E+00
7.387181E+05 1.0187700E-02 -4.1377600E-03 2.0070200E-03 -1.0252200E-03 -4.8152200E-04 -1.8594400E-04 0.0000000E+00 0.0000000E+00
3.087316E+05 1.7157600E-02 -7.0214200E-03 3.4103200E-03 -1.7428200E-03 -8.1876000E-04 -3.1614700E-04 0.0000000E+00 0.0000000E+00
1.324365E+05 2.9639300E-02 -1.2273600E-02 5.9728700E-03 -3.0533700E-03 -1.4342900E-03 -5.5391100E-04 0.0000000E+00 0.0000000E+00
5.817414E+04 4.9945400E-02 -2.1075300E-02 1.0290800E-02 -5.2664300E-03 -2.4752700E-03 -9.5576700E-04 0.0000000E+00 0.0000000E+00
2.613412E+04 8.4158400E-02 -3.6554900E-02 1.7935400E-02 -9.1861300E-03 -4.3165000E-03 -1.6673900E-03 0.0000000E+00 0.0000000E+00
1.200216E+04 1.3717500E-01 -6.2412600E-02 3.0885100E-02 -1.5862200E-02 -7.4640400E-03 -2.8820500E-03 0.0000000E+00 0.0000000E+00
5.635505E+03 2.1007300E-01 -1.0280300E-01 5.1529300E-02 -2.6525000E-02 -1.2475100E-02 -4.8218800E-03 0.0000000E+00 0.0000000E+00
2.706304E+03 2.7485700E-01 -1.5051600E-01 7.7167300E-02 -4.0014900E-02 -1.8889800E-02 -7.2931000E-03 0.0000000E+00 0.0000000E+00
1.329567E+03 2.5954900E-01 -1.5784100E-01 8.2531100E-02 -4.2859300E-02 -2.0161400E-02 -7.8107700E-03 0.0000000E+00 0.0000000E+00
6.681837E+02 1.3002600E-01 -1.4411000E-02 -2.9128700E-03 2.7672900E-03 1.3250600E-03 5.7248400E-04 0.0000000E+00 0.0000000E+00
3.432482E+02 2.0586300E-02 3.2941600E-01 -2.7007200E-01 1.5836400E-01 7.7426600E-02 3.0009500E-02 0.0000000E+00 0.0000000E+00
1.799310E+02 8.4078200E-04 5.1942100E-01 -5.4506800E-01 3.3855900E-01 1.6654200E-01 6.5288500E-02 0.0000000E+00 0.0000000E+00
9.596270E+01 -3.1078600E-04 2.5593100E-01 -2.3769300E-01 1.5999200E-01 8.3768600E-02 3.2345600E-02 0.0000000E+00 0.0000000E+00
5.183654E+01 2.2016700E-04 2.8201400E-02 6.4420400E-01 -6.8145300E-01 -3.9411200E-01 -1.5745600E-01 0.0000000E+00 0.0000000E+00
2.818005E+01 -2.1016700E-04 1.2456200E-03 6.4578600E-01 -9.0562800E-01 -5.4278500E-01 -2.2417500E-01 0.0000000E+00 0.0000000E+00
1.528697E+01 1.4904700E-04 -5.6858500E-04 1.1603800E-01 3.5584600E-01 2.8451800E-01 1.2648700E-01 0.0000000E+00 0.0000000E+00
8.184937E+00 -9.0587900E-05 1.5146300E-04 9.6704400E-03 9.8016100E-01 1.1424500E+00 5.3884700E-01 0.0000000E+00 0.0000000E+00
4.266501E+00 5.8566400E-05 -1.3572800E-04 -3.0663100E-03 2.5897300E-01 2.6092400E-01 1.3310200E-01 0.0000000E+00 0.0000000E+00
2.339433E+00 -3.3318100E-05 8.5389300E-05 1.7667900E-03 5.6930400E-04 -9.7977300E-01 -7.1785400E-01 0.0000000E+00 0.0000000E+00
1.193079E+00 1.2523900E-05 -2.5584100E-05 -8.1979200E-04 3.5224400E-03 -5.8662900E-01 -5.6063700E-01 0.0000000E+00 0.0000000E+00
4.259661E-01 -4.7912300E-06 1.0191700E-05 3.0949400E-04 -7.9448800E-04 -3.3969100E-02 6.3925900E-01 1.0000000E+00 0.0000000E+00
2.074799E-01 3.0267500E-06 -6.7414800E-06 -1.9240900E-04 4.2379500E-04 7.9187800E-03 5.5142800E-01 0.0000000E+00 0.0000000E+00
1.111240E-01 -9.7105100E-07 2.0675100E-06 6.3715200E-05 -1.4958700E-04 -2.1820800E-03 2.0595600E-01 0.0000000E+00 1.0000000E+00
Rn p
8.375248E+08 2.8253700E-06 -1.4735400E-06 7.5192000E-07 3.3631200E-07 -1.0946700E-07 0.0000000E+00 0.0000000E+00
1.391544E+08 8.0448900E-06 -4.1968700E-06 2.1416900E-06 9.5792100E-07 -3.1179500E-07 0.0000000E+00 0.0000000E+00
2.793289E+07 2.3944800E-05 -1.2497100E-05 6.3780700E-06 2.8528400E-06 -9.2859200E-07 0.0000000E+00 0.0000000E+00
6.600852E+06 6.2339800E-05 -3.2562700E-05 1.6621800E-05 7.4350300E-06 -2.4200600E-06 0.0000000E+00 0.0000000E+00
1.794877E+06 1.5310700E-04 -8.0074100E-05 4.0886900E-05 1.8290400E-05 -5.9536700E-06 0.0000000E+00 0.0000000E+00
5.504789E+05 3.5964500E-04 -1.8847300E-04 9.6282000E-05 4.3075300E-05 -1.4021000E-05 0.0000000E+00 0.0000000E+00
1.871412E+05 8.3022500E-04 -4.3625700E-04 2.2301200E-04 9.9791400E-05 -3.2485500E-05 0.0000000E+00 0.0000000E+00
6.946999E+04 1.9149800E-03 -1.0103700E-03 5.1697800E-04 2.3137400E-04 -7.5313400E-05 0.0000000E+00 0.0000000E+00
2.779848E+04 4.4658700E-03 -2.3686800E-03 1.2136500E-03 5.4340000E-04 -1.7692600E-04 0.0000000E+00 0.0000000E+00
1.185913E+04 1.0563000E-02 -5.6483100E-03 2.8992700E-03 1.2984900E-03 -4.2268500E-04 0.0000000E+00 0.0000000E+00
5.343362E+03 2.5110400E-02 -1.3584600E-02 6.9949700E-03 3.1359100E-03 -1.0213600E-03 0.0000000E+00 0.0000000E+00
2.522518E+03 5.8522400E-02 -3.2280400E-02 1.6695300E-02 7.4903900E-03 -2.4388200E-03 0.0000000E+00 0.0000000E+00
1.239195E+03 1.2659800E-01 -7.1899500E-02 3.7481300E-02 1.6855200E-02 -5.4933800E-03 0.0000000E+00 0.0000000E+00
6.297286E+02 2.3371900E-01 -1.3832000E-01 7.2838600E-02 3.2819100E-02 -1.0692100E-02 0.0000000E+00 0.0000000E+00
3.292981E+02 3.2614000E-01 -1.9952800E-01 1.0619700E-01 4.8015500E-02 -1.5670900E-02 0.0000000E+00 0.0000000E+00
1.763378E+02 2.8312100E-01 -1.3287700E-01 6.2208100E-02 2.7026600E-02 -8.7205400E-03 0.0000000E+00 0.0000000E+00
9.624995E+01 1.1920300E-01 1.6772000E-01 -1.4250800E-01 -7.1022800E-02 2.3510100E-02 0.0000000E+00 0.0000000E+00
5.329771E+01 1.6368000E-02 4.8985600E-01 -4.1777500E-01 -2.1215900E-01 7.0787600E-02 0.0000000E+00 0.0000000E+00
2.979158E+01 6.3389400E-04 3.8054600E-01 -2.6896100E-01 -1.2252600E-01 3.9642200E-02 0.0000000E+00 0.0000000E+00
1.671648E+01 -2.0708600E-04 9.9376100E-02 3.2064500E-01 2.3082100E-01 -8.0886900E-02 0.0000000E+00 0.0000000E+00
9.356461E+00 1.2848800E-05 8.3871200E-03 6.1595000E-01 4.9924800E-01 -1.8344900E-01 0.0000000E+00 0.0000000E+00
5.185594E+00 -4.9544100E-05 -7.0775000E-05 2.9061500E-01 1.4786700E-01 -4.0979800E-02 0.0000000E+00 0.0000000E+00
2.821372E+00 3.2286300E-05 1.6283000E-04 3.3408800E-02 -5.2789100E-01 2.4805400E-01 0.0000000E+00 0.0000000E+00
1.482065E+00 -1.0194700E-05 -1.9844900E-04 2.6059600E-03 -5.7548600E-01 3.2354500E-01 0.0000000E+00 0.0000000E+00
7.471878E-01 7.0219600E-06 6.8837000E-05 -5.3999900E-04 -1.5608200E-01 -3.2482500E-02 0.0000000E+00 0.0000000E+00
3.570781E-01 -2.7745900E-06 -3.3275600E-05 2.2416300E-04 -8.2903400E-03 -4.7222700E-01 0.0000000E+00 0.0000000E+00
1.592641E-01 1.0550500E-06 1.3169800E-05 -1.0870900E-04 -1.2218200E-03 -5.0661100E-01 0.0000000E+00 0.0000000E+00
6.761805E-02 -2.8113400E-07 -3.4758600E-06 2.7733400E-05 1.5153000E-04 -1.6943400E-01 0.0000000E+00 0.0000000E+00
5.714310E-01 0.0000000E+00 0.0000000E+00 0.0000000E+00 0.0000000E+00 0.0000000E+00 1.0000000E+00 0.0000000E+00
1.011727E-01 0.0000000E+00 0.0000000E+00 0.0000000E+00 0.0000000E+00 0.0000000E+00 0.0000000E+00 1.0000000E+00
Rn d
9.071141E+04 1.7353100E-05 9.3798200E-06 3.6724500E-06 0.0000000E+00 0.0000000E+00
2.370694E+04 9.8950900E-05 5.3526100E-05 2.0972100E-05 0.0000000E+00 0.0000000E+00
7.806174E+03 5.1265900E-04 2.7812300E-04 1.0895700E-04 0.0000000E+00 0.0000000E+00
3.059919E+03 2.2330300E-03 1.2149500E-03 4.7664400E-04 0.0000000E+00 0.0000000E+00
1.363227E+03 8.4841100E-03 4.6449800E-03 1.8230300E-03 0.0000000E+00 0.0000000E+00
6.651677E+02 2.7319100E-02 1.5075200E-02 5.9317600E-03 0.0000000E+00 0.0000000E+00
3.453673E+02 7.4450300E-02 4.1696400E-02 1.6441900E-02 0.0000000E+00 0.0000000E+00
1.867186E+02 1.6577200E-01 9.4169500E-02 3.7277400E-02 0.0000000E+00 0.0000000E+00
1.034736E+02 2.8278300E-01 1.5907000E-01 6.2776700E-02 0.0000000E+00 0.0000000E+00
5.814593E+01 3.3751200E-01 1.6978900E-01 6.5130600E-02 0.0000000E+00 0.0000000E+00
3.290230E+01 2.3112600E-01 -2.6259000E-03 -1.6776400E-02 0.0000000E+00 0.0000000E+00
1.866803E+01 7.7107800E-02 -2.9021000E-01 -1.4934600E-01 0.0000000E+00 0.0000000E+00
1.059222E+01 1.0166400E-02 -4.3589200E-01 -2.2330800E-01 0.0000000E+00 0.0000000E+00
5.997474E+00 6.3996900E-04 -2.9303700E-01 -8.4485600E-02 0.0000000E+00 0.0000000E+00
3.332546E+00 8.4231500E-05 -8.3982200E-02 2.3913600E-01 0.0000000E+00 0.0000000E+00
1.802210E+00 -1.5721900E-05 -7.3768500E-03 4.5001200E-01 0.0000000E+00 0.0000000E+00
9.462326E-01 6.6436600E-06 -2.3239600E-04 3.5641000E-01 0.0000000E+00 0.0000000E+00
4.679898E-01 -8.6614100E-07 1.0054700E-04 1.3044200E-01 1.0000000E+00 0.0000000E+00
1.979492E-01 1.0004500E-06 1.8132000E-05 1.4855800E-02 0.0000000E+00 1.0000000E+00
Rn f
1.825879E+03 1.4678400E-04 0.0000000E+00
6.296241E+02 1.3149900E-03 0.0000000E+00
2.688374E+02 7.6572900E-03 0.0000000E+00
1.297516E+02 3.0518800E-02 0.0000000E+00
6.688374E+01 8.8350900E-02 0.0000000E+00
3.566533E+01 1.9359900E-01 0.0000000E+00
1.934612E+01 2.9669800E-01 0.0000000E+00
1.055475E+01 3.2663900E-01 0.0000000E+00
5.702721E+00 2.4294600E-01 0.0000000E+00
2.963238E+00 1.0346800E-01 0.0000000E+00
1.404682E+00 1.6270100E-02 0.0000000E+00
4.284147E-01 0.0000000E+00 1.0000000E+00
END
