BASIS "ao basis" PRINT
#BASIS SET: (4s) -> [1s]
H s
4.268788542106363e-02 -4.185582672035864e-01
8.366825542528471e-02 -5.962131922279497e-01
1.639897806335580e-01  1.524537907893517e+00
3.214199700417737e-01 -1.509766448461981e+00
#BASIS SET: (5s) -> [1s]
He s
8.366825542528471e-02 -1.355205479616188e+00
1.639897806335580e-01  2.055414703345832e+00
3.214199700417737e-01 -3.585641909762671e+00
6.299831412818762e-01  3.577647758042076e+00
1.234766956912478e+00 -2.692215072009049e+00
#BASIS SET: (9s) -> [1s]
Li s
1.111200682555800e-02 -7.812202443437855e-01
2.177953337809369e-02  7.878101197566139e-01
4.268788542106363e-02 -1.834061208952335e+00
8.366825542528471e-02  3.144340503349667e+00
1.639897806335580e-01 -5.862783425312955e+00
3.214199700417737e-01  7.556086712982506e+00
6.299831412818762e-01 -9.186191175249405e+00
1.234766956912478e+00  7.028106110417866e+00
2.420143235548455e+00 -3.852087392648173e+00
#BASIS SET: (9s) -> [1s]
Be s
2.177953337809369e-02 -1.684101067949086e+00
4.268788542106363e-02  2.010666946873243e+00
8.366825542528471e-02 -3.766492405644385e+00
1.639897806335580e-01  5.218894453777466e+00
3.214199700417737e-01 -8.457585407944862e+00
6.299831412818762e-01  1.028838749043643e+01
1.234766956912478e+00 -1.126269935470191e+01
2.420143235548455e+00  7.400723657789058e+00
4.743480741674971e+00 -3.747794312635961e+00
#BASIS SET: (11s) -> [1s]
B s
1.111200682555800e-02 -1.000032957054088e+00
2.177953337809369e-02  1.724570476113513e+00
4.268788542106363e-02 -3.396693199352740e+00
8.366825542528471e-02  3.536343834137369e+00
1.639897806335580e-01 -5.306160429419833e+00
3.214199700417737e-01  5.143829342290701e+00
6.299831412818762e-01 -7.905614915624028e+00
1.234766956912478e+00  9.050180592370452e+00
2.420143235548455e+00 -9.910984211092000e+00
4.743480741674971e+00  6.274732118628890e+00
9.297222253682943e+00 -3.210170650998236e+00
#BASIS SET: (9s) -> [1s]
C s
4.268788542106363e-02 -1.261992879455647e+00
8.366825542528471e-02  1.856334428972332e+00
1.639897806335580e-01 -3.633981649269117e+00
3.214199700417737e-01  3.953077307669446e+00
6.299831412818762e-01 -8.253920026065316e+00
1.234766956912478e+00  7.178058194345795e+00
2.420143235548455e+00 -8.611687745898962e+00
4.743480741674971e+00  6.945998759241775e+00
9.297222253682943e+00 -4.171886389540305e+00
#BASIS SET: (9s) -> [1s]
N s
4.268788542106363e-02 -1.052755375898414e+00
8.366825542528471e-02  8.940734185162000e-01
1.639897806335580e-01 -2.897407143755117e+00
3.214199700417737e-01  3.934491195715964e+00
6.299831412818762e-01 -8.398524643387645e+00
1.234766956912478e+00  7.506884912494570e+00
2.420143235548455e+00 -1.011875403433805e+01
4.743480741674971e+00  8.213310290622758e+00
9.297222253682943e+00 -5.081318619970261e+00
#BASIS SET: (11s) -> [1s]
O s
2.177953337809369e-02 -1.303093470731824e+00
4.268788542106363e-02  2.680316414385743e+00
8.366825542528471e-02 -4.956605911003862e+00
1.639897806335580e-01  5.393036064349872e+00
3.214199700417737e-01 -7.334251391635917e+00
6.299831412818762e-01  6.169044227252016e+00
1.234766956912478e+00 -1.038518856556038e+01
2.420143235548455e+00  8.253574505710276e+00
4.743480741674971e+00 -8.779265644843690e+00
9.297222253682943e+00  5.973193470417755e+00
1.822255561721856e+01 -3.710759698339984e+00
#BASIS SET: (10s) -> [1s]
F s
4.268788542106363e-02 -8.534547253765368e-01
8.366825542528471e-02  4.317019303168763e-01
1.639897806335580e-01 -1.113489109611692e+00
3.214199700417737e-01 -3.972697870995034e-01
6.299831412818762e-01  7.449690638532047e-02
1.234766956912478e+00 -5.779926691142464e+00
2.420143235548455e+00  4.125841244924231e+00
4.743480741674971e+00 -7.521000012122386e+00
9.297222253682943e+00  6.513433162788715e+00
1.822255561721856e+01 -4.480332919062562e+00
#BASIS SET: (9s) -> [1s]
Ne s
8.366825542528471e-02 -1.902350849093636e+00
1.639897806335580e-01  2.783781029778766e+00
3.214199700417737e-01 -5.499603264208417e+00
6.299831412818762e-01  6.158487736014649e+00
1.234766956912478e+00 -1.169101849943399e+01
2.420143235548455e+00  8.699803143157624e+00
4.743480741674971e+00 -1.270734070229810e+01
9.297222253682943e+00  1.011627001053421e+01
1.822255561721856e+01 -5.958028604451101e+00
#BASIS SET: (12s) -> [1s]
Na s
1.111200682555800e-02 -9.168342651105377e-01
2.177953337809369e-02  7.158732077805325e-01
4.268788542106363e-02 -7.548534333291173e-01
8.366825542528471e-02 -1.175181805956527e-01
1.639897806335580e-01  3.194724798959214e-02
3.214199700417737e-01 -2.168022868048865e+00
6.299831412818762e-01  1.898600546119269e+00
1.234766956912478e+00 -6.903178811480757e+00
2.420143235548455e+00  6.636541098385351e+00
4.743480741674971e+00 -1.448740461794659e+01
9.297222253682943e+00  1.212093662630650e+01
1.822255561721856e+01 -7.056086550069722e+00
#BASIS SET: (12s) -> [1s]
Mg s
2.177953337809369e-02 -2.944302301131529e+00
4.268788542106363e-02  4.613997280459444e+00
8.366825542528471e-02 -6.272272958543908e+00
1.639897806335580e-01  5.516111563774757e+00
3.214199700417737e-01 -4.967518429970369e+00
6.299831412818762e-01  1.552244046761189e+00
1.234766956912478e+00 -3.974227231810801e+00
2.420143235548455e+00  8.404480060562491e-02
4.743480741674971e+00 -2.366611175879370e+00
9.297222253682943e+00 -4.010052213154268e+00
1.822255561721856e+01  4.803185159398708e+00
3.571620900974838e+01 -4.034598540509478e+00
#BASIS SET: (14s) -> [1s]
Al s
5.669391237529597e-03 -5.909439250651047e-01
1.111200682555800e-02  5.722753595107974e-01
2.177953337809369e-02 -1.344342008787180e+00
4.268788542106363e-02  5.877102622503116e-01
8.366825542528471e-02 -1.546703855934538e+00
1.639897806335580e-01 -1.306685495728743e-02
3.214199700417737e-01 -1.015387811588880e+00
6.299831412818762e-01  3.357770781040017e-01
1.234766956912478e+00 -3.547210661658028e+00
2.420143235548455e+00 -1.474410769107635e+00
4.743480741674971e+00  1.240931189822732e+00
9.297222253682943e+00 -8.963330198399490e+00
1.822255561721856e+01  8.010281154656695e+00
3.571620900974838e+01 -5.251578958846395e+00
#BASIS SET: (12s) -> [1s]
Si s
2.177953337809369e-02 -8.127697353011172e-01
4.268788542106363e-02  2.540161869455915e-01
8.366825542528471e-02 -8.260441653692396e-01
1.639897806335580e-01 -7.042284475028282e-01
3.214199700417737e-01 -2.552601511764806e+00
6.299831412818762e-01 -1.505396562657552e+00
1.234766956912478e+00  3.303393574256916e+00
2.420143235548455e+00 -9.690376613114495e+00
4.743480741674971e+00  9.045648330647964e+00
9.297222253682943e+00 -1.549272349011153e+01
1.822255561721856e+01  1.144490882809623e+01
3.571620900974838e+01 -6.463826394125135e+00
#BASIS SET: (12s) -> [1s]
P s
2.177953337809369e-02 -5.992678117117975e-01
4.268788542106363e-02 -5.639590451519325e-01
8.366825542528471e-02 -3.279153039984521e-01
1.639897806335580e-01 -1.126289570398512e+00
3.214199700417737e-01 -9.332405743480194e-01
6.299831412818762e-01 -4.421751029323786e+00
1.234766956912478e+00  6.871837385580875e+00
2.420143235548455e+00 -1.516434673283948e+01
4.743480741674971e+00  1.545938829617808e+01
9.297222253682943e+00 -2.083107788400957e+01
1.822255561721856e+01  1.413607957604108e+01
3.571620900974838e+01 -7.499457306018485e+00
#BASIS SET: (13s) -> [1s]
S s
2.177953337809369e-02 -1.748811040801229e+00
4.268788542106363e-02  2.845631621603388e+00
8.366825542528471e-02 -5.392239935230464e+00
1.639897806335580e-01  5.040648057358339e+00
3.214199700417737e-01 -7.884977125562727e+00
6.299831412818762e-01  2.485891971737146e+00
1.234766956912478e+00 -2.994288264773786e+00
2.420143235548455e+00 -1.290586609393358e-01
4.743480741674971e+00 -5.327800851315260e+00
9.297222253682943e+00  3.837245954200625e+00
1.822255561721856e+01 -9.305896442849189e+00
3.571620900974838e+01  6.987646126188338e+00
7.000376965910681e+01 -4.413991409615846e+00
#BASIS SET: (12s) -> [1s]
Cl s
4.268788542106363e-02 -2.636824076374978e+00
8.366825542528471e-02  3.893888689319283e+00
1.639897806335580e-01 -6.755512725554581e+00
3.214199700417737e-01  5.247693471188541e+00
6.299831412818762e-01 -1.081530330848182e+01
1.234766956912478e+00  6.393424695415888e+00
2.420143235548455e+00 -5.076906891306862e+00
4.743480741674971e+00 -3.899564246763475e+00
9.297222253682943e+00  4.646057634497993e+00
1.822255561721856e+01 -1.124528831912903e+01
3.571620900974838e+01  8.283061239490053e+00
7.000376965910681e+01 -5.034726162301013e+00
#BASIS SET: (12s) -> [1s]
Ar s
4.268788542106363e-02 -1.465912932323135e+00
8.366825542528471e-02  8.208771993740811e-01
1.639897806335580e-01 -2.222161542420508e+00
3.214199700417737e-01  2.881619631662033e-01
6.299831412818762e-01 -5.233347484027036e+00
1.234766956912478e+00 -2.322904476779513e+00
2.420143235548455e+00  4.629048535309266e+00
4.743480741674971e+00 -1.271069027157500e+01
9.297222253682943e+00  1.159485676488839e+01
1.822255561721856e+01 -1.611130312993191e+01
3.571620900974838e+01  1.059347901405999e+01
7.000376965910681e+01 -5.860103639740828e+00
#BASIS SET: (14s) -> [1s]
K s
1.111200682555800e-02 -1.868893032172494e+00
2.177953337809369e-02  3.078620213603926e+00
4.268788542106363e-02 -4.315828271145620e+00
8.366825542528471e-02  3.423672902305952e+00
1.639897806335580e-01 -3.997059524144788e+00
3.214199700417737e-01 -6.914836289797677e-01
6.299831412818762e-01 -4.589081831509247e-01
1.234766956912478e+00 -8.944512780741206e+00
2.420143235548455e+00  9.727343792110332e+00
4.743480741674971e+00 -1.593850292658317e+01
9.297222253682943e+00  1.350298732925148e+01
1.822255561721856e+01 -1.747155213092628e+01
3.571620900974838e+01  1.128918729657016e+01
7.000376965910681e+01 -6.335071055997602e+00
#BASIS SET: (14s) -> [1s]
Ca s
1.111200682555800e-02 -1.525257673467010e+00
2.177953337809369e-02  7.075816656063125e-01
4.268788542106363e-02 -8.324172611601171e-01
8.366825542528471e-02 -4.449924404343619e-01
1.639897806335580e-01  1.290201511646956e+00
3.214199700417737e-01 -6.566388854744218e+00
6.299831412818762e-01  3.164121788609918e+00
1.234766956912478e+00 -9.190243014527368e+00
2.420143235548455e+00  6.880546056716412e+00
4.743480741674971e+00 -1.215471686268575e+01
9.297222253682943e+00  1.025346390275809e+01
1.822255561721856e+01 -1.572481737985800e+01
3.571620900974838e+01  1.069684514173423e+01
7.000376965910681e+01 -6.553926580195096e+00
#BASIS SET: (15s) -> [1s]
Sc s
5.669391237529597e-03 -8.552034009326803e-01
1.111200682555800e-02  9.627373355381224e-01
2.177953337809369e-02 -2.500977194512416e+00
4.268788542106363e-02  2.034590825634950e+00
8.366825542528471e-02 -3.921158842204022e+00
1.639897806335580e-01  3.045579381818243e+00
3.214199700417737e-01 -4.590542378326063e+00
6.299831412818762e-01 -1.311264557618415e+00
1.234766956912478e+00 -4.090548139967723e+00
2.420143235548455e+00  1.804400855267886e+00
4.743480741674971e+00 -8.217338427959476e+00
9.297222253682943e+00  7.726204846054316e+00
1.822255561721856e+01 -1.476115518511506e+01
3.571620900974838e+01  1.059653780347435e+01
7.000376965910681e+01 -6.921862921152012e+00
#BASIS SET: (14s) -> [1s]
Ti s
1.111200682555800e-02 -8.063277009968317e-01
2.177953337809369e-02  7.331139954674200e-01
4.268788542106363e-02 -1.492087839801115e+00
8.366825542528471e-02  7.256488069106126e-01
1.639897806335580e-01 -2.471993486678912e+00
3.214199700417737e-01 -1.449695436956972e+00
6.299831412818762e-01 -4.657828277959197e-01
1.234766956912478e+00 -8.171648535630084e+00
2.420143235548455e+00  3.687349068954063e+00
4.743480741674971e+00 -8.708827288268367e+00
9.297222253682943e+00  8.234626300472883e+00
1.822255561721856e+01 -1.578979951803922e+01
3.571620900974838e+01  1.150842548951914e+01
7.000376965910681e+01 -7.533001027156701e+00
#BASIS SET: (14s) -> [1s]
V s
2.177953337809369e-02 -1.686619506929702e+00
4.268788542106363e-02  3.188741842070385e+00
8.366825542528471e-02 -5.148078081609128e+00
1.639897806335580e-01  4.153940793183210e+00
3.214199700417737e-01 -6.748953925689420e+00
6.299831412818762e-01  1.939840487302718e+00
1.234766956912478e+00 -7.605838704002963e+00
2.420143235548455e+00 -3.538753213426389e+00
4.743480741674971e+00  4.441538538027089e+00
9.297222253682943e+00 -1.108003329409985e+01
1.822255561721856e+01  8.452894140820717e+00
3.571620900974838e+01 -1.262985983394901e+01
7.000376965910681e+01  8.134323001373559e+00
1.372073885318493e+02 -4.873142243071214e+00
#BASIS SET: (14s) -> [1s]
Cr s
2.177953337809369e-02 -2.106144823921113e+00
4.268788542106363e-02  3.980829489885537e+00
8.366825542528471e-02 -5.994532061338305e+00
1.639897806335580e-01  4.851140769250378e+00
3.214199700417737e-01 -7.409478412713725e+00
6.299831412818762e-01  2.619964972185699e+00
1.234766956912478e+00 -7.158408840565244e+00
2.420143235548455e+00 -5.550860529532656e+00
4.743480741674971e+00  5.046611120415037e+00
9.297222253682943e+00 -1.072860664343170e+01
1.822255561721856e+01  7.932173420398613e+00
3.571620900974838e+01 -1.264185859471036e+01
7.000376965910681e+01  8.319026248762384e+00
1.372073885318493e+02 -5.159856114684544e+00
#BASIS SET: (14s) -> [1s]
Mn s
1.111200682555800e-02 -6.340877213818601e-01
2.177953337809369e-02 -5.089406782436754e-01
4.268788542106363e-02 -1.943858422259837e-01
8.366825542528471e-02  2.777538878490304e-02
1.639897806335580e-01 -1.064093356759258e+00
3.214199700417737e-01 -8.895238627010258e-01
6.299831412818762e-01 -3.455527634785540e+00
1.234766956912478e+00 -4.444926846008457e+00
2.420143235548455e+00 -1.699175533503876e+00
4.743480741674971e+00 -9.113211921183392e+00
9.297222253682943e+00  1.270362931335694e+01
1.822255561721856e+01 -2.176230917967041e+01
3.571620900974838e+01  1.587959512264206e+01
7.000376965910681e+01 -9.844817248320425e+00
#BASIS SET: (16s) -> [1s]
Fe s
5.669391237529597e-03 -5.460467216779534e-01
1.111200682555800e-02  3.606577134278268e-01
2.177953337809369e-02 -1.195251775550787e+00
4.268788542106363e-02  2.237606831367884e-01
8.366825542528471e-02 -7.910077976630419e-01
1.639897806335580e-01 -1.588195839009131e+00
3.214199700417737e-01  1.233673743845429e+00
6.299831412818762e-01 -6.503713323851116e+00
1.234766956912478e+00  1.043648906808812e+00
2.420143235548455e+00 -1.073371897498146e+01
4.743480741674971e+00  4.252512341015972e+00
9.297222253682943e+00 -8.425313347950578e+00
1.822255561721856e+01  6.228235593531281e+00
3.571620900974838e+01 -1.250932107912377e+01
7.000376965910681e+01  8.731403494603001e+00
1.372073885318493e+02 -5.781323616561281e+00
#BASIS SET: (14s) -> [1s]
Co s
2.177953337809369e-02 -2.528532055404781e+00
4.268788542106363e-02  3.769250462868627e+00
8.366825542528471e-02 -5.705125780945309e+00
1.639897806335580e-01  5.232529499686279e+00
3.214199700417737e-01 -6.852861972987739e+00
6.299831412818762e-01  1.463030190629070e+00
1.234766956912478e+00 -5.772713408783602e+00
2.420143235548455e+00 -6.287488362075237e+00
4.743480741674971e+00 -5.329790820687776e-01
9.297222253682943e+00 -4.516536824638024e+00
1.822255561721856e+01  3.754386153683299e+00
3.571620900974838e+01 -1.167969724182331e+01
7.000376965910681e+01  8.722875845662202e+00
1.372073885318493e+02 -6.066137423802701e+00
#BASIS SET: (14s) -> [1s]
Ni s
2.177953337809369e-02 -1.145055559700069e+00
4.268788542106363e-02  1.235558740113447e+00
8.366825542528471e-02 -2.172119210598339e+00
1.639897806335580e-01  1.569054934551787e+00
3.214199700417737e-01 -2.703123285940819e+00
6.299831412818762e-01 -2.018595038174681e+00
1.234766956912478e+00 -3.469156095081416e+00
2.420143235548455e+00 -9.723353525325365e+00
4.743480741674971e+00  1.254665517539252e+00
9.297222253682943e+00 -6.096447473508306e+00
1.822255561721856e+01  5.490701651142444e+00
3.571620900974838e+01 -1.352028713531035e+01
7.000376965910681e+01  9.923699477905757e+00
1.372073885318493e+02 -6.625542997613337e+00
#BASIS SET: (14s) -> [1s]
Cu s
2.177953337809369e-02 -1.751416886562481e+00
4.268788542106363e-02  2.683338125355363e+00
8.366825542528471e-02 -4.254084901537681e+00
1.639897806335580e-01  3.565769808263212e+00
3.214199700417737e-01 -4.834211733341363e+00
6.299831412818762e-01  4.489044065703638e-01
1.234766956912478e+00 -5.094064988974424e+00
2.420143235548455e+00 -7.875397540978156e+00
4.743480741674971e+00 -2.141188224719372e+00
9.297222253682943e+00 -4.260544704025961e+00
1.822255561721856e+01  5.172321080026450e+00
3.571620900974838e+01 -1.419475007016445e+01
7.000376965910681e+01  1.061549563657900e+01
1.372073885318493e+02 -7.080170006490505e+00
#BASIS SET: (14s) -> [1s]
Zn s
2.177953337809369e-02 -1.963742940281833e+00
4.268788542106363e-02  2.275211191519475e+00
8.366825542528471e-02 -3.284164746822171e+00
1.639897806335580e-01  2.769912266760912e+00
3.214199700417737e-01 -4.228262691394775e+00
6.299831412818762e-01 -5.144980953555205e-01
1.234766956912478e+00 -3.871620914251253e+00
2.420143235548455e+00 -7.589968777807371e+00
4.743480741674971e+00 -3.969661601484404e+00
9.297222253682943e+00 -4.281523821016890e+00
1.822255561721856e+01  6.369179377361434e+00
3.571620900974838e+01 -1.578920794741134e+01
7.000376965910681e+01  1.170615515747340e+01
1.372073885318493e+02 -7.627806457289665e+00
#BASIS SET: (16s) -> [1s]
Ga s
5.669391237529597e-03 -6.144875043171396e-01
1.111200682555800e-02  6.450197369049420e-01
2.177953337809369e-02 -1.361550048950448e+00
4.268788542106363e-02  6.272760151769035e-01
8.366825542528471e-02 -1.551940243531135e+00
1.639897806335580e-01 -1.599206291575683e-01
3.214199700417737e-01 -8.207455298979767e-01
6.299831412818762e-01 -3.006044477748219e+00
1.234766956912478e+00 -2.125409198692068e+00
2.420143235548455e+00 -7.670524948043749e+00
4.743480741674971e+00 -4.594654682441615e+00
9.297222253682943e+00 -5.967646518256515e+00
1.822255561721856e+01  8.874254762427881e+00
3.571620900974838e+01 -1.813968657189980e+01
7.000376965910681e+01  1.311497783887899e+01
1.372073885318493e+02 -8.248918000452477e+00
#BASIS SET: (14s) -> [1s]
Ge s
2.177953337809369e-02 -1.929473722630064e+00
4.268788542106363e-02  2.656334247774794e+00
8.366825542528471e-02 -4.888204175592364e+00
1.639897806335580e-01  3.820401422545729e+00
3.214199700417737e-01 -6.358795209449454e+00
6.299831412818762e-01  3.109851340799651e+00
1.234766956912478e+00 -7.729020964769006e+00
2.420143235548455e+00 -2.192826543832780e+00
4.743480741674971e+00 -8.493037646709126e+00
9.297222253682943e+00 -5.747540776588721e+00
1.822255561721856e+01  1.000768268387765e+01
3.571620900974838e+01 -1.958757381106261e+01
7.000376965910681e+01  1.411465394437255e+01
1.372073885318493e+02 -8.782450788736242e+00
#BASIS SET: (14s) -> [1s]
As s
2.177953337809369e-02 -7.679072594354466e-01
4.268788542106363e-02 -2.630270365664273e-01
8.366825542528471e-02 -9.617293739770503e-01
1.639897806335580e-01 -1.730366954052442e-01
3.214199700417737e-01 -3.391387913716244e+00
6.299831412818762e-01 -4.462472440172860e-01
1.234766956912478e+00 -3.420383544034848e+00
2.420143235548455e+00 -6.353496007141075e+00
4.743480741674971e+00 -3.412845661878237e+00
9.297222253682943e+00 -1.267319323256379e+01
1.822255561721856e+01  1.589818016134086e+01
3.571620900974838e+01 -2.369609072408639e+01
7.000376965910681e+01  1.622268437824096e+01
1.372073885318493e+02 -9.561519846759779e+00
#BASIS SET: (15s) -> [1s]
Se s
1.111200682555800e-02 -5.482843479080657e-01
2.177953337809369e-02  3.322848915559007e-01
4.268788542106363e-02 -1.635620422828651e+00
8.366825542528471e-02  9.185617815019214e-01
1.639897806335580e-01 -2.365644262194110e+00
3.214199700417737e-01 -1.432083212202997e+00
6.299831412818762e-01 -3.373339062323794e+00
1.234766956912478e+00  2.662438130064402e-01
2.420143235548455e+00 -1.028779324842617e+01
4.743480741674971e+00  1.802090307290200e+00
9.297222253682943e+00 -1.935468437091913e+01
1.822255561721856e+01  2.112648076226469e+01
3.571620900974838e+01 -2.721167887549382e+01
7.000376965910681e+01  1.804134663043078e+01
1.372073885318493e+02 -1.027788038375320e+01
#BASIS SET: (14s) -> [1s]
Br s
2.177953337809369e-02 -7.752297921769014e-01
4.268788542106363e-02 -1.860541848500361e-01
8.366825542528471e-02 -1.081734944095842e+00
1.639897806335580e-01 -7.515246482398652e-02
3.214199700417737e-01 -3.274894157679228e+00
6.299831412818762e-01 -3.688500926346023e+00
1.234766956912478e+00  1.804842333076522e+00
2.420143235548455e+00 -1.240857070694619e+01
4.743480741674971e+00  5.264871115432470e+00
9.297222253682943e+00 -2.388733944151318e+01
1.822255561721856e+01  2.420616176884505e+01
3.571620900974838e+01 -2.924039051969885e+01
7.000376965910681e+01  1.919196336818277e+01
1.372073885318493e+02 -1.084997144740657e+01
#BASIS SET: (13s) -> [1s]
Kr s
4.268788542106363e-02 -2.315640245942632e+00
8.366825542528471e-02  2.551871241768822e+00
1.639897806335580e-01 -5.195725474040955e+00
3.214199700417737e-01  3.403570324182510e+00
6.299831412818762e-01 -1.233444903325289e+01
1.234766956912478e+00  1.003123393841088e+01
2.420143235548455e+00 -1.951589621230960e+01
4.743480741674971e+00  1.209129829891026e+01
9.297222253682943e+00 -3.014392424002290e+01
1.822255561721856e+01  2.797483518905938e+01
3.571620900974838e+01 -3.155815403070301e+01
7.000376965910681e+01  2.046746176294982e+01
1.372073885318493e+02 -1.145648151900969e+01
#BASIS SET: (16s) -> [1s]
Rb s
1.111200682555800e-02 -2.310813043993903e+00
2.177953337809369e-02  4.350733911091993e+00
4.268788542106363e-02 -6.702976151136681e+00
8.366825542528471e-02  6.668531755152799e+00
1.639897806335580e-01 -9.203473289075191e+00
3.214199700417737e-01  5.381848490360426e+00
6.299831412818762e-01 -1.013288545561954e+01
1.234766956912478e+00  3.320984141668305e+00
2.420143235548455e+00 -8.647734191152267e+00
4.743480741674971e+00 -3.226284619071521e+00
9.297222253682943e+00 -8.467507911846042e+00
1.822255561721856e+01 -2.391277117421851e+00
3.571620900974838e+01  4.099891467718408e+00
7.000376965910681e+01 -1.287111280183308e+01
1.372073885318493e+02  9.382559465477243e+00
2.689264815224247e+02 -6.250484650319095e+00
#BASIS SET: (16s) -> [1s]
Sr s
1.111200682555800e-02 -2.179206017138313e+00
2.177953337809369e-02  2.230979425279656e+00
4.268788542106363e-02 -3.177888619018631e+00
8.366825542528471e-02  2.836789899061841e+00
1.639897806335580e-01 -3.527011938640499e+00
3.214199700417737e-01 -3.363381187024061e+00
6.299831412818762e-01 -6.217338123824447e-01
1.234766956912478e+00 -4.876159032806754e+00
2.420143235548455e+00 -2.009781687054783e+00
4.743480741674971e+00 -8.510337699903175e+00
9.297222253682943e+00 -3.629010556964204e+00
1.822255561721856e+01 -8.054243391379714e+00
3.571620900974838e+01  8.925811413209885e+00
7.000376965910681e+01 -1.630134769110009e+01
1.372073885318493e+02  1.109808023739606e+01
2.689264815224247e+02 -6.841559341534776e+00
#BASIS SET: (17s) -> [1s]
Y s
5.669391237529597e-03 -1.107599995433702e+00
1.111200682555800e-02  1.396149586420506e+00
2.177953337809369e-02 -3.314586645457894e+00
4.268788542106363e-02  2.940880254842341e+00
8.366825542528471e-02 -5.246629188768566e+00
1.639897806335580e-01  5.183645196259022e+00
3.214199700417737e-01 -9.790526717901230e+00
6.299831412818762e-01  2.474236886948347e+00
1.234766956912478e+00 -5.742113955318928e+00
2.420143235548455e+00 -1.780234917998314e+00
4.743480741674971e+00 -8.748298838734627e+00
9.297222253682943e+00 -2.604689259082079e+00
1.822255561721856e+01 -1.070503756776452e+01
3.571620900974838e+01  1.142786356620491e+01
7.000376965910681e+01 -1.825113547407091e+01
1.372073885318493e+02  1.215650724805892e+01
2.689264815224247e+02 -7.288430178203271e+00
#BASIS SET: (16s) -> [1s]
Zr s
1.111200682555800e-02 -1.125075370147442e+00
2.177953337809369e-02  1.623692981336717e+00
4.268788542106363e-02 -2.709255590107205e+00
8.366825542528471e-02  1.883190856751753e+00
1.639897806335580e-01 -4.822829566299333e+00
3.214199700417737e-01  8.361250536108855e-01
6.299831412818762e-01 -6.765411242726259e+00
1.234766956912478e+00 -2.705329236458056e+00
2.420143235548455e+00 -6.737395494710654e-01
4.743480741674971e+00 -1.061726611061022e+01
9.297222253682943e+00 -7.440138072706759e-02
1.822255561721856e+01 -1.446521399612539e+01
3.571620900974838e+01  1.453352043172345e+01
7.000376965910681e+01 -2.049154210486449e+01
1.372073885318493e+02  1.333295549650211e+01
2.689264815224247e+02 -7.759420672388387e+00
#BASIS SET: (15s) -> [1s]
Nb s
2.177953337809369e-02 -1.636085063421888e+00
4.268788542106363e-02  2.723145055623718e+00
8.366825542528471e-02 -4.867695230805111e+00
1.639897806335580e-01  3.187731189198530e+00
3.214199700417737e-01 -7.747279116636491e+00
6.299831412818762e-01  1.089148434679373e+00
1.234766956912478e+00 -1.156391292094486e+01
2.420143235548455e+00  7.744474189588800e+00
4.743480741674971e+00 -1.756918991706334e+01
9.297222253682943e+00  6.251788704423234e+00
1.822255561721856e+01 -2.072095651284326e+01
3.571620900974838e+01  1.905906619864982e+01
7.000376965910681e+01 -2.344770343345590e+01
1.372073885318493e+02  1.479134009062545e+01
2.689264815224247e+02 -8.293871667618077e+00
#BASIS SET: (15s) -> [1s]
Mo s
2.177953337809369e-02 -2.212583721165402e+00
4.268788542106363e-02  4.183831486839154e+00
8.366825542528471e-02 -6.880174509045901e+00
1.639897806335580e-01  5.315373043114960e+00
3.214199700417737e-01 -1.030109088489553e+01
6.299831412818762e-01  4.479843367385911e+00
1.234766956912478e+00 -1.590621158384602e+01
2.420143235548455e+00  1.103884855052456e+01
4.743480741674971e+00 -1.968325271271169e+01
9.297222253682943e+00  8.370438350946642e+00
1.822255561721856e+01 -2.333020177565049e+01
3.571620900974838e+01  2.073839796450920e+01
7.000376965910681e+01 -2.462973948789295e+01
1.372073885318493e+02  1.547737874643644e+01
2.689264815224247e+02 -8.660856834548895e+00
#BASIS SET: (16s) -> [1s]
Tc s
1.111200682555800e-02 -8.897171346825417e-01
2.177953337809369e-02 -2.106305563738715e-01
4.268788542106363e-02 -3.289225092412380e-01
8.366825542528471e-02 -3.216947424953105e-01
1.639897806335580e-01 -7.531391945522046e-01
3.214199700417737e-01 -3.624013453518273e+00
6.299831412818762e-01 -4.010133957606740e+00
1.234766956912478e+00 -6.989458672353067e+00
2.420143235548455e+00  1.656608209246770e+00
4.743480741674971e+00 -1.088975640432909e+01
9.297222253682943e+00  1.518799068871886e+00
1.822255561721856e+01 -1.874159770016558e+01
3.571620900974838e+01  1.716080415551551e+01
7.000376965910681e+01 -2.265534773282707e+01
1.372073885318493e+02  1.481195547408424e+01
2.689264815224247e+02 -8.733754849573415e+00
#BASIS SET: (16s) -> [1s]
Ru s
1.111200682555800e-02 -1.150399163544762e+00
2.177953337809369e-02  1.172352870176837e+00
4.268788542106363e-02 -3.156104921708902e+00
8.366825542528471e-02  3.341947147280734e+00
1.639897806335580e-01 -4.853877993940841e+00
3.214199700417737e-01  2.929280920652673e-01
6.299831412818762e-01 -6.399289839202538e+00
1.234766956912478e+00 -6.688734957017004e+00
2.420143235548455e+00  6.934794583357871e-01
4.743480741674971e+00 -9.323152869474143e+00
9.297222253682943e+00  5.548612978309393e-01
1.822255561721856e+01 -1.853111198940314e+01
3.571620900974838e+01  1.655664937593974e+01
7.000376965910681e+01 -2.244774729665369e+01
1.372073885318493e+02  1.491840042942204e+01
2.689264815224247e+02 -8.980199640106321e+00
#BASIS SET: (15s) -> [1s]
Rh s
2.177953337809369e-02 -1.551424617856242e+00
4.268788542106363e-02  2.200190542119344e+00
8.366825542528471e-02 -4.309034579680883e+00
1.639897806335580e-01  4.284838140556531e+00
3.214199700417737e-01 -8.433982115486288e+00
6.299831412818762e-01  2.127406124491245e+00
1.234766956912478e+00 -1.718875862355344e+01
2.420143235548455e+00  8.633826395031065e+00
4.743480741674971e+00 -1.455210307409288e+01
9.297222253682943e+00  4.909201228874736e+00
1.822255561721856e+01 -2.223997398046777e+01
3.571620900974838e+01  1.861480557103641e+01
7.000376965910681e+01 -2.384086478292011e+01
1.372073885318493e+02  1.572909536107909e+01
2.689264815224247e+02 -9.383221589130812e+00
#BASIS SET: (15s) -> [1s]
Pd s
2.177953337809369e-02 -8.183109850773462e-01
4.268788542106363e-02  3.501577250863193e-01
8.366825542528471e-02 -1.712566308728128e+00
1.639897806335580e-01  1.494376994916820e+00
3.214199700417737e-01 -5.253161094806273e+00
6.299831412818762e-01 -7.316952955588931e-01
1.234766956912478e+00 -1.500434934231453e+01
2.420143235548455e+00  4.387141908868216e+00
4.743480741674971e+00 -9.872004721546546e+00
9.297222253682943e+00  1.433487950707786e+00
1.822255561721856e+01 -1.984536134917289e+01
3.571620900974838e+01  1.638836608291604e+01
7.000376965910681e+01 -2.275384579109959e+01
1.372073885318493e+02  1.550390445580706e+01
2.689264815224247e+02 -9.566140229998041e+00
#BASIS SET: (15s) -> [1s]
Ag s
2.177953337809369e-02 -2.208886560187466e+00
4.268788542106363e-02  3.927438619369241e+00
8.366825542528471e-02 -6.677554506213710e+00
1.639897806335580e-01  6.579421252543398e+00
3.214199700417737e-01 -1.052925459442486e+01
6.299831412818762e-01  5.109274077418377e+00
1.234766956912478e+00 -1.932286537555046e+01
2.420143235548455e+00  5.325528669520281e+00
4.743480741674971e+00 -1.019013059890131e+01
9.297222253682943e+00  2.424265635781921e+00
1.822255561721856e+01 -2.098331505246460e+01
3.571620900974838e+01  1.674453170911875e+01
7.000376965910681e+01 -2.329071700351778e+01
1.372073885318493e+02  1.600993792561349e+01
2.689264815224247e+02 -9.917674198105260e+00
#BASIS SET: (15s) -> [1s]
Cd s
2.177953337809369e-02 -2.721490860196127e+00
4.268788542106363e-02  4.162217377468551e+00
8.366825542528471e-02 -6.262440203174265e+00
1.639897806335580e-01  6.435970720558544e+00
3.214199700417737e-01 -1.091660685712122e+01
6.299831412818762e-01  4.901970288323355e+00
1.234766956912478e+00 -1.693129077513004e+01
2.420143235548455e+00  7.623168184072711e-01
4.743480741674971e+00 -6.688311224686913e+00
9.297222253682943e+00  6.440959523897618e-01
1.822255561721856e+01 -2.002050143911038e+01
3.571620900974838e+01  1.570136619824916e+01
7.000376965910681e+01 -2.308186208293773e+01
1.372073885318493e+02  1.622623322781874e+01
2.689264815224247e+02 -1.021166714085871e+01
#BASIS SET: (17s) -> [1s]
In s
5.669391237529597e-03 -6.489144704246428e-01
1.111200682555800e-02  6.801164417993277e-01
2.177953337809369e-02 -1.681339225731790e+00
4.268788542106363e-02  1.068167730234563e+00
8.366825542528471e-02 -2.493946442380548e+00
1.639897806335580e-01  1.232299955561757e+00
3.214199700417737e-01 -4.195829998701811e+00
6.299831412818762e-01 -2.167742133140564e+00
1.234766956912478e+00 -8.973937809467316e+00
2.420143235548455e+00 -7.544794704765081e+00
4.743480741674971e+00 -9.576158672571182e-01
9.297222253682943e+00 -2.644844491034746e+00
1.822255561721856e+01 -1.791653545945883e+01
3.571620900974838e+01  1.393182896077633e+01
7.000376965910681e+01 -2.252172298543155e+01
1.372073885318493e+02  1.631844884436578e+01
2.689264815224247e+02 -1.048363834494376e+01
#BASIS SET: (15s) -> [1s]
Sn s
2.177953337809369e-02 -1.306720823567503e+00
4.268788542106363e-02  1.128113766711976e+00
8.366825542528471e-02 -2.488902738852630e+00
1.639897806335580e-01 -3.404406256449874e-01
3.214199700417737e-01 -4.720318968247739e+00
6.299831412818762e-01  1.024648180988152e+00
1.234766956912478e+00 -1.127415699139237e+01
2.420143235548455e+00 -6.288981087564025e+00
4.743480741674971e+00 -3.787039282033220e+00
9.297222253682943e+00  1.075500623090193e+00
1.822255561721856e+01 -2.114811065385584e+01
3.571620900974838e+01  1.596495384722948e+01
7.000376965910681e+01 -2.428202215570491e+01
1.372073885318493e+02  1.742806933302199e+01
2.689264815224247e+02 -1.098459242417857e+01
#BASIS SET: (15s) -> [1s]
Sb s
2.177953337809369e-02 -1.241736204354083e+00
4.268788542106363e-02  2.605090973374899e-01
8.366825542528471e-02 -1.589132765067916e+00
1.639897806335580e-01 -3.261472299200250e-01
3.214199700417737e-01 -4.197098995646229e+00
6.299831412818762e-01 -1.288437518087449e+00
1.234766956912478e+00 -8.818732681451365e+00
2.420143235548455e+00 -7.187616961542517e+00
4.743480741674971e+00 -5.610526758595370e+00
9.297222253682943e+00  3.911947506479919e+00
1.822255561721856e+01 -2.357600608468056e+01
3.571620900974838e+01  1.747781664924696e+01
7.000376965910681e+01 -2.579369177110493e+01
1.372073885318493e+02  1.844859419914428e+01
2.689264815224247e+02 -1.146974048175821e+01
#BASIS SET: (16s) -> [1s]
Te s
1.111200682555800e-02 -6.860747901348532e-01
2.177953337809369e-02  3.756584312395717e-01
4.268788542106363e-02 -1.953803957021591e+00
8.366825542528471e-02  1.193132369779050e+00
1.639897806335580e-01 -3.483398035183200e+00
3.214199700417737e-01 -1.800269400438992e+00
6.299831412818762e-01 -3.269351397349965e+00
1.234766956912478e+00 -7.081864984356798e+00
2.420143235548455e+00 -7.735592089360580e+00
4.743480741674971e+00 -7.297191921155900e+00
9.297222253682943e+00  6.155405556317419e+00
1.822255561721856e+01 -2.527635276643559e+01
3.571620900974838e+01  1.845661759423092e+01
7.000376965910681e+01 -2.701972911693156e+01
1.372073885318493e+02  1.935525598411914e+01
2.689264815224247e+02 -1.193244147731707e+01
#BASIS SET: (15s) -> [1s]
I s
2.177953337809369e-02 -1.281299829027830e+00
4.268788542106363e-02  4.664910747815156e-01
8.366825542528471e-02 -2.210536460876028e+00
1.639897806335580e-01  8.849831359693781e-01
3.214199700417737e-01 -7.240514372650068e+00
6.299831412818762e-01  1.801884596294258e+00
1.234766956912478e+00 -1.155306465044850e+01
2.420143235548455e+00 -3.056516881566495e+00
4.743480741674971e+00 -1.288513854111079e+01
9.297222253682943e+00  1.105319655290805e+01
1.822255561721856e+01 -2.879922844155226e+01
3.571620900974838e+01  2.073132891301066e+01
7.000376965910681e+01 -2.905249167443253e+01
1.372073885318493e+02  2.061685968795791e+01
2.689264815224247e+02 -1.247595310925726e+01
#BASIS SET: (15s) -> [1s]
Xe s
4.268788542106363e-02 -3.683197842866093e+00
8.366825542528471e-02  5.205931402912938e+00
1.639897806335580e-01 -9.024266066826385e+00
3.214199700417737e-01  4.022210345530766e+00
6.299831412818762e-01 -1.163057922455482e+01
1.234766956912478e+00  3.520784391905181e+00
2.420143235548455e+00 -1.921185415540822e+01
4.743480741674971e+00  4.910550822154619e+00
9.297222253682943e+00 -1.157667394576129e+01
1.822255561721856e+01  9.801449468359351e-01
3.571620900974838e+01 -1.694355640420690e+01
7.000376965910681e+01  1.324194221175276e+01
1.372073885318493e+02 -1.852011200587731e+01
2.689264815224247e+02  1.199118703044951e+01
5.270959037839524e+02 -7.282511506040692e+00
#BASIS SET: (17s) -> [1s]
Cs s
5.669391237529597e-03 -7.382588321343064e-01
1.111200682555800e-02  1.236757037695497e-01
2.177953337809369e-02 -3.235517116263509e-01
4.268788542106363e-02 -3.744562286883593e-01
8.366825542528471e-02 -1.102203898131847e+00
1.639897806335580e-01 -2.276765912771225e+00
3.214199700417737e-01 -2.717457186430693e+00
6.299831412818762e-01 -3.264108747243881e+00
1.234766956912478e+00 -7.089836951345205e+00
2.420143235548455e+00 -5.694025553762913e+00
4.743480741674971e+00 -1.286886639893055e+01
9.297222253682943e+00  1.078408151119947e+01
1.822255561721856e+01 -2.782288983464241e+01
3.571620900974838e+01  1.983979313075542e+01
7.000376965910681e+01 -3.003096850775182e+01
1.372073885318493e+02  2.183902394212782e+01
2.689264815224247e+02 -1.328318452439271e+01
#BASIS SET: (17s) -> [1s]
Ba s
1.111200682555800e-02 -3.338668509997660e+00
2.177953337809369e-02  5.129114085342735e+00
4.268788542106363e-02 -7.629678766243160e+00
8.366825542528471e-02  8.811950444243848e+00
1.639897806335580e-01 -1.296809362061322e+01
3.214199700417737e-01  5.069862117990851e+00
6.299831412818762e-01 -8.260466739535332e+00
1.234766956912478e+00 -1.867711670696735e+00
2.420143235548455e+00 -1.303674224019051e+01
4.743480741674971e+00 -2.070004284381866e+00
9.297222253682943e+00 -6.667962543666363e+00
1.822255561721856e+01 -1.608647659420967e+00
3.571620900974838e+01 -1.588657208532095e+01
7.000376965910681e+01  1.201980371400714e+01
1.372073885318493e+02 -1.824141249060631e+01
2.689264815224247e+02  1.219014871492982e+01
5.270959037839524e+02 -7.644918465841329e+00
#BASIS SET: (18s) -> [1s]
La s
5.669391237529597e-03 -7.169928619074426e-01
1.111200682555800e-02  1.421212371606657e-01
2.177953337809369e-02 -1.913261220277263e+00
4.268788542106363e-02  1.760648717566255e+00
8.366825542528471e-02 -2.588861264182924e+00
1.639897806335580e-01 -2.579838429919619e-01
3.214199700417737e-01 -7.794988338440817e+00
6.299831412818762e-01  2.223671563548123e+00
1.234766956912478e+00 -9.525335312842799e+00
2.420143235548455e+00 -6.753806422195339e+00
4.743480741674971e+00 -7.762787777697667e+00
9.297222253682943e+00 -2.656653323414503e+00
1.822255561721856e+01 -4.170768843003316e+00
3.571620900974838e+01 -1.425506205100100e+01
7.000376965910681e+01  1.060002989321947e+01
1.372073885318493e+02 -1.764981355471537e+01
2.689264815224247e+02  1.211013004992856e+01
5.270959037839524e+02 -7.790286648752669e+00
#BASIS SET: (17s) -> [1s]
Ce s
1.111200682555800e-02 -8.889826244558208e-01
2.177953337809369e-02  9.245868131984025e-01
4.268788542106363e-02 -1.967003563884646e+00
8.366825542528471e-02  5.692705661058426e-01
1.639897806335580e-01 -4.344813488423824e+00
3.214199700417737e-01 -1.377392068505287e+00
6.299831412818762e-01 -8.736962504684925e+00
1.234766956912478e+00  2.035104520618916e+00
2.420143235548455e+00 -1.570297385379672e+01
4.743480741674971e+00 -1.075805239379406e+00
9.297222253682943e+00 -9.005963817238808e+00
1.822255561721856e+01  1.699916593730450e+00
3.571620900974838e+01 -1.909386935085058e+01
7.000376965910681e+01  1.374443661794066e+01
1.372073885318493e+02 -1.979979541152716e+01
2.689264815224247e+02  1.321952309738845e+01
5.270959037839524e+02 -8.199276286235545e+00
#BASIS SET: (17s) -> [1s]
Pr s
1.111200682555800e-02 -2.822390327666653e+00
2.177953337809369e-02  3.813072243705392e+00
4.268788542106363e-02 -5.643339502159506e+00
8.366825542528471e-02  6.143626164644957e+00
1.639897806335580e-01 -8.885349275544286e+00
3.214199700417737e-01  8.025580719113350e-01
6.299831412818762e-01 -5.306747917085886e+00
1.234766956912478e+00 -4.679338421672583e+00
2.420143235548455e+00 -9.997174907475710e+00
4.743480741674971e+00 -8.098610430955887e+00
9.297222253682943e+00 -3.110457137227058e+00
1.822255561721856e+01 -2.301443591713905e+00
3.571620900974838e+01 -1.661099404096603e+01
7.000376965910681e+01  1.207815235480666e+01
1.372073885318493e+02 -1.918734842538834e+01
2.689264815224247e+02  1.315888002607971e+01
5.270959037839524e+02 -8.353094883292215e+00
#BASIS SET: (18s) -> [1s]
Nd s
5.669391237529597e-03 -5.312693642448494e-01
1.111200682555800e-02 -9.744413542392749e-02
2.177953337809369e-02 -2.458776592945924e-01
4.268788542106363e-02 -2.866951345931739e-01
8.366825542528471e-02 -1.007198382069873e+00
1.639897806335580e-01 -1.948770533281277e+00
3.214199700417737e-01 -2.250549945627426e+00
6.299831412818762e-01 -5.638539184339606e+00
1.234766956912478e+00 -4.300401466818585e+00
2.420143235548455e+00 -9.806031116248050e+00
4.743480741674971e+00 -1.004190324051888e+01
9.297222253682943e+00 -2.198727849230636e+00
1.822255561721856e+01 -2.071924503310584e+00
3.571620900974838e+01 -1.730066770670237e+01
7.000376965910681e+01  1.254180066456320e+01
1.372073885318493e+02 -1.982665790914325e+01
2.689264815224247e+02  1.363704907576903e+01
5.270959037839524e+02 -8.626191609485147e+00
#BASIS SET: (19s) -> [1s]
Pm s
2.892546549759998e-03 -8.159663874967578e-01
5.669391237529597e-03  1.310085059389849e+00
1.111200682555800e-02 -1.611248093235190e+00
2.177953337809369e-02  1.647707242722390e+00
4.268788542106363e-02 -2.400493239423668e+00
8.366825542528471e-02  8.497941068926593e-01
1.639897806335580e-01 -3.101158147444949e+00
3.214199700417737e-01 -4.892336475022603e-01
6.299831412818762e-01 -8.869050427412731e+00
1.234766956912478e+00 -9.469264332728926e-01
2.420143235548455e+00 -1.281648240785580e+01
4.743480741674971e+00 -8.689200809050817e+00
9.297222253682943e+00 -4.541595049086027e+00
1.822255561721856e+01  9.393677976913750e-01
3.571620900974838e+01 -2.013401811034419e+01
7.000376965910681e+01  1.452294576191343e+01
1.372073885318493e+02 -2.137683240091428e+01
2.689264815224247e+02  1.451017614733428e+01
5.270959037839524e+02 -8.987870962904424e+00
#BASIS SET: (17s) -> [1s]
Sm s
1.111200682555800e-02 -2.403130459220847e+00
2.177953337809369e-02  4.599563783034682e+00
4.268788542106363e-02 -7.160251412540674e+00
8.366825542528471e-02  7.149390524253249e+00
1.639897806335580e-01 -1.000416019931436e+01
3.214199700417737e-01  5.427121568471193e+00
6.299831412818762e-01 -1.190157711878419e+01
1.234766956912478e+00  4.358878880739212e-01
2.420143235548455e+00 -1.365904680266976e+01
4.743480741674971e+00 -8.441517502069473e+00
9.297222253682943e+00 -6.395682178437710e+00
1.822255561721856e+01  3.396932490170002e+00
3.571620900974838e+01 -2.231884954869747e+01
7.000376965910681e+01  1.593662675470114e+01
1.372073885318493e+02 -2.257574201375246e+01
2.689264815224247e+02  1.523390584625304e+01
5.270959037839524e+02 -9.319471619470278e+00
#BASIS SET: (17s) -> [1s]
Eu s
1.111200682555800e-02 -2.541653681604657e+00
2.177953337809369e-02  3.113938718102872e+00
4.268788542106363e-02 -4.526067550294101e+00
8.366825542528471e-02  4.640848839655519e+00
1.639897806335580e-01 -6.151734987273812e+00
3.214199700417737e-01 -1.876445326954126e+00
6.299831412818762e-01 -2.317599184811115e+00
1.234766956912478e+00 -7.897424373775721e+00
2.420143235548455e+00 -7.068135771900415e+00
4.743480741674971e+00 -1.367454019188881e+01
9.297222253682943e+00 -3.977595917880535e+00
1.822255561721856e+01  2.235588900744915e+00
3.571620900974838e+01 -2.154616831243038e+01
7.000376965910681e+01  1.521041212975979e+01
1.372073885318493e+02 -2.250590785965323e+01
2.689264815224247e+02  1.541653398796916e+01
5.270959037839524e+02 -9.534049417765345e+00
#BASIS SET: (18s) -> [1s]
Gd s
5.669391237529597e-03 -8.443003723121336e-01
1.111200682555800e-02  9.263189568350754e-01
2.177953337809369e-02 -3.136728424854482e+00
4.268788542106363e-02  3.189147920627875e+00
8.366825542528471e-02 -4.291954104664910e+00
1.639897806335580e-01  2.886949462470511e+00
3.214199700417737e-01 -9.703156023409974e+00
6.299831412818762e-01  2.938855034622975e+00
1.234766956912478e+00 -1.084768938642083e+01
2.420143235548455e+00 -4.762715528515400e+00
4.743480741674971e+00 -1.530758645483002e+01
9.297222253682943e+00 -4.530912631569663e+00
1.822255561721856e+01  3.267492958897492e+00
3.571620900974838e+01 -2.231320308335125e+01
7.000376965910681e+01  1.553218514414039e+01
1.372073885318493e+02 -2.306546233786503e+01
2.689264815224247e+02  1.587280726421159e+01
5.270959037839524e+02 -9.810048394012213e+00
#BASIS SET: (17s) -> [1s]
Tb s
1.111200682555800e-02 -8.966318249586038e-01
2.177953337809369e-02  1.053945099934936e+00
4.268788542106363e-02 -2.061637864448130e+00
8.366825542528471e-02  1.083682771772146e+00
1.639897806335580e-01 -4.405916484072804e+00
3.214199700417737e-01  1.025753282010555e-01
6.299831412818762e-01 -9.194234363734722e+00
1.234766956912478e+00 -1.034987159073353e+00
2.420143235548455e+00 -1.090835434198380e+01
4.743480741674971e+00 -1.025766266882420e+01
9.297222253682943e+00 -1.062637014687061e+01
1.822255561721856e+01  8.597536757588387e+00
3.571620900974838e+01 -2.625054533779621e+01
7.000376965910681e+01  1.805599416792393e+01
1.372073885318493e+02 -2.494431035220623e+01
2.689264815224247e+02  1.689833929203451e+01
5.270959037839524e+02 -1.021142287348630e+01
#BASIS SET: (26s) -> [1s]
Dy s
1.000000000000000e-04 -3.699918063153063e-02
1.960000000000000e-04  2.373986363989182e-01
3.841600000000000e-04 -8.495940527644983e-01
7.529535999999996e-04  2.428561427135463e+00
1.475789055999999e-03 -6.400460002217756e+00
2.892546549759998e-03  9.960182332404173e+00
5.669391237529597e-03 -1.017469556653896e+01
1.111200682555800e-02  8.008915379024188e+00
2.177953337809369e-02 -9.016167079726756e+00
4.268788542106363e-02  8.261123340415452e+00
8.366825542528471e-02 -8.024175282596843e+00
1.639897806335580e-01  6.401949091286951e+00
3.214199700417737e-01 -1.309130969510625e+01
6.299831412818762e-01  7.348741674808480e+00
1.234766956912478e+00 -1.675324833770719e+01
2.420143235548455e+00  1.743766361039889e+00
4.743480741674971e+00 -2.308248585687397e+01
9.297222253682943e+00  8.698775189695880e-01
1.822255561721856e+01 -3.811515371446148e+00
3.571620900974838e+01 -1.099050229450222e+01
7.000376965910681e+01 -7.714789829333313e-01
1.372073885318493e+02 -4.991437545511872e+00
2.689264815224247e+02  1.194389079988468e+00
5.270959037839524e+02 -4.852316613541916e+00
1.033107971416546e+03  2.884777464059880e+00
2.024891623976431e+03 -2.493296443432200e+00
#BASIS SET: (21s) -> [1s]
Ho s
7.529535999999996e-04  2.588172435353044e-01
1.475789055999999e-03 -1.719396420288831e+00
2.892546549759998e-03  2.427935190731660e+00
5.669391237529597e-03 -1.993259930983186e+00
1.111200682555800e-02  3.136797277256846e-01
2.177953337809369e-02 -1.630405047908425e-01
4.268788542106363e-02 -5.042719766497612e-01
8.366825542528471e-02  3.441740125417709e-01
1.639897806335580e-01 -2.893046129494905e+00
3.214199700417737e-01 -1.905408166348934e+00
6.299831412818762e-01 -3.681422196328640e+00
1.234766956912478e+00 -8.176514312624931e+00
2.420143235548455e+00 -5.539149239659309e+00
4.743480741674971e+00 -1.585169520229101e+01
9.297222253682943e+00 -9.904886402189732e+00
1.822255561721856e+01  9.834417268633842e+00
3.571620900974838e+01 -2.773921944200993e+01
7.000376965910681e+01  1.910739466175437e+01
1.372073885318493e+02 -2.635939477011561e+01
2.689264815224247e+02  1.793643321469426e+01
5.270959037839524e+02 -1.079214662584127e+01
#BASIS SET: (19s) -> [1s]
Er s
2.892546549759998e-03 -1.272086740547280e+00
5.669391237529597e-03  2.421214115977591e+00
1.111200682555800e-02 -3.270577666593454e+00
2.177953337809369e-02  3.538120922903545e+00
4.268788542106363e-02 -3.767716443981044e+00
8.366825542528471e-02  2.822822869788070e+00
1.639897806335580e-01 -5.725236785394372e+00
3.214199700417737e-01  3.338118964573368e+00
6.299831412818762e-01 -1.106780766477459e+01
1.234766956912478e+00 -1.256089732458349e+00
2.420143235548455e+00 -1.136578112357529e+01
4.743480741674971e+00 -1.116292016970692e+01
9.297222253682943e+00 -1.590517021692358e+01
1.822255561721856e+01  1.518520703306422e+01
3.571620900974838e+01 -3.179782880702987e+01
7.000376965910681e+01  2.183984285942279e+01
1.372073885318493e+02 -2.835592523962259e+01
2.689264815224247e+02  1.900633072189521e+01
5.270959037839524e+02 -1.120451689701744e+01
#BASIS SET: (17s) -> [1s]
Tm s
1.111200682555800e-02 -2.075267546199029e+00
2.177953337809369e-02  3.593936577904969e+00
4.268788542106363e-02 -5.388050294015557e+00
8.366825542528471e-02  5.273977061733603e+00
1.639897806335580e-01 -7.502584751695395e+00
3.214199700417737e-01  3.259387116879225e+00
6.299831412818762e-01 -8.516460593789816e+00
1.234766956912478e+00 -3.913348350673914e+00
2.420143235548455e+00 -9.614431567490101e+00
4.743480741674971e+00 -1.178939910233021e+01
9.297222253682943e+00 -1.756530469655991e+01
1.822255561721856e+01  1.651012862473726e+01
3.571620900974838e+01 -3.243349118530750e+01
7.000376965910681e+01  2.206040003895760e+01
1.372073885318493e+02 -2.885928200930357e+01
2.689264815224247e+02  1.943986749649048e+01
5.270959037839524e+02 -1.148007681933814e+01
#BASIS SET: (17s) -> [1s]
Yb s
1.111200682555800e-02 -2.009081379452255e+00
2.177953337809369e-02  1.826372204348445e+00
4.268788542106363e-02 -2.564568206667900e+00
8.366825542528471e-02  1.989267578348517e+00
1.639897806335580e-01 -2.207304621115327e+00
3.214199700417737e-01 -4.837013762444258e+00
6.299831412818762e-01 -1.199803948402405e-01
1.234766956912478e+00 -9.087172340601683e+00
2.420143235548455e+00 -7.120097145438194e+00
4.743480741674971e+00 -1.229198481142521e+01
9.297222253682943e+00 -1.930048879981041e+01
1.822255561721856e+01  1.757046326994896e+01
3.571620900974838e+01 -3.271623520553112e+01
7.000376965910681e+01  2.201269836723804e+01
1.372073885318493e+02 -2.921489578485489e+01
2.689264815224247e+02  1.981488284841180e+01
5.270959037839524e+02 -1.174486181611428e+01
#BASIS SET: (18s) -> [1s]
Lu s
5.669391237529597e-03 -1.111256900321166e+00
1.111200682555800e-02  1.422985557594473e+00
2.177953337809369e-02 -3.342970409505369e+00
4.268788542106363e-02  2.980154754504838e+00
8.366825542528471e-02 -5.310948193297918e+00
1.639897806335580e-01  5.296797009130387e+00
3.214199700417737e-01 -9.874507727359742e+00
6.299831412818762e-01  1.594426338611811e+00
1.234766956912478e+00 -7.251816344047256e+00
2.420143235548455e+00 -1.026851499491022e+01
4.743480741674971e+00 -8.431318920891499e+00
9.297222253682943e+00 -2.413114803782082e+01
1.822255561721856e+01  2.068188495418872e+01
3.571620900974838e+01 -3.441960857313825e+01
7.000376965910681e+01  2.294927649328019e+01
1.372073885318493e+02 -3.016305273160106e+01
2.689264815224247e+02  2.044759377802256e+01
5.270959037839524e+02 -1.206797605243969e+01
#BASIS SET: (17s) -> [1s]
Hf s
1.111200682555800e-02 -1.112602099339711e+00
2.177953337809369e-02  1.589909003349021e+00
4.268788542106363e-02 -2.712799926288426e+00
8.366825542528471e-02  1.988367443904281e+00
1.639897806335580e-01 -5.234694685786963e+00
3.214199700417737e-01  1.394292421638966e+00
6.299831412818762e-01 -8.473875023424625e+00
1.234766956912478e+00 -2.301626682281494e+00
2.420143235548455e+00 -1.125995799154043e+01
4.743480741674971e+00 -7.308662287890911e+00
9.297222253682943e+00 -2.646364459395409e+01
1.822255561721856e+01  2.145344901084900e+01
3.571620900974838e+01 -3.417961519211531e+01
7.000376965910681e+01  2.251032546907663e+01
1.372073885318493e+02 -3.031176043301821e+01
2.689264815224247e+02  2.073706427589059e+01
5.270959037839524e+02 -1.231416870906833e+01
#BASIS SET: (16s) -> [1s]
Ta s
2.177953337809369e-02 -1.643301260448425e+00
4.268788542106363e-02  2.637219189105963e+00
8.366825542528471e-02 -4.618848055746639e+00
1.639897806335580e-01  2.386034353490686e+00
3.214199700417737e-01 -6.661585985362763e+00
6.299831412818762e-01 -1.786379255820066e+00
1.234766956912478e+00 -8.609911476145498e+00
2.420143235548455e+00 -5.375464136246592e+00
4.743480741674971e+00 -1.123924457933754e+01
9.297222253682943e+00 -2.426005035545677e+01
1.822255561721856e+01  1.823250980395824e+01
3.571620900974838e+01 -3.082505836244673e+01
7.000376965910681e+01  1.992382913734764e+01
1.372073885318493e+02 -2.921075047273189e+01
2.689264815224247e+02  2.049789708526805e+01
5.270959037839524e+02 -1.244689562942767e+01
#BASIS SET: (17s) -> [1s]
W s
2.177953337809369e-02 -2.118398681399412e+00
4.268788542106363e-02  3.816525800619274e+00
8.366825542528471e-02 -6.288813097402453e+00
1.639897806335580e-01  4.127201564610004e+00
3.214199700417737e-01 -9.070450801402330e+00
6.299831412818762e-01  1.492176346480846e+00
1.234766956912478e+00 -1.297010948881507e+01
2.420143235548455e+00  1.512741446495056e-01
4.743480741674971e+00 -1.793358114361763e+01
9.297222253682943e+00 -1.439840850234032e+01
1.822255561721856e+01  8.599174022674561e-01
3.571620900974838e+01 -5.081548534333706e+00
7.000376965910681e+01 -1.442776833474636e+01
1.372073885318493e+02  1.082367956638336e+01
2.689264815224247e+02 -1.727153169736266e+01
5.270959037839524e+02  1.138557018339634e+01
1.033107971416546e+03 -7.095734726986848e+00
#BASIS SET: (17s) -> [1s]
Re s
1.111200682555800e-02 -9.427029447688255e-01
2.177953337809369e-02 -5.955321155488491e-02
4.268788542106363e-02 -6.835330398753285e-01
8.366825542528471e-02  2.680472256615758e-01
1.639897806335580e-01 -2.061694569885731e+00
3.214199700417737e-01 -2.036225683987141e+00
6.299831412818762e-01 -8.548756275326014e+00
1.234766956912478e+00 -7.500824332237244e-01
2.420143235548455e+00 -1.359652968496084e+01
4.743480741674971e+00 -1.712933272123337e+00
9.297222253682943e+00 -3.344035017490387e+01
1.822255561721856e+01  2.228777827322483e+01
3.571620900974838e+01 -3.240076662600040e+01
7.000376965910681e+01  2.084499305859208e+01
1.372073885318493e+02 -3.073763220384717e+01
2.689264815224247e+02  2.164797380007803e+01
5.270959037839524e+02 -1.307803223709925e+01
#BASIS SET: (17s) -> [1s]
Os s
1.111200682555800e-02 -1.050015463551972e+00
2.177953337809369e-02  7.488444717600942e-01
4.268788542106363e-02 -2.534344915300608e+00
8.366825542528471e-02  2.839698520489037e+00
1.639897806335580e-01 -5.312013151124120e+00
3.214199700417737e-01  1.343187313526869e+00
6.299831412818762e-01 -1.092646013572812e+01
1.234766956912478e+00 -5.045365318655968e-01
2.420143235548455e+00 -1.327731340378523e+01
4.743480741674971e+00 -1.085987225174904e+00
9.297222253682943e+00 -3.405220905691385e+01
1.822255561721856e+01  2.081878664344549e+01
3.571620900974838e+01 -3.056616438925266e+01
7.000376965910681e+01  1.957317001372576e+01
1.372073885318493e+02 -3.052093264833093e+01
2.689264815224247e+02  2.181109158508480e+01
5.270959037839524e+02 -1.330480162700405e+01
#BASIS SET: (16s) -> [1s]
Ir s
2.177953337809369e-02 -1.481523777461916e+00
4.268788542106363e-02  1.711421129424707e+00
8.366825542528471e-02 -3.351651976794528e+00
1.639897806335580e-01  2.287929197453195e+00
3.214199700417737e-01 -5.863052232918562e+00
6.299831412818762e-01 -4.329587753978558e+00
1.234766956912478e+00 -9.668804003624246e+00
2.420143235548455e+00 -4.681009995518252e+00
4.743480741674971e+00 -6.920605624793097e+00
9.297222253682943e+00 -2.924199591064826e+01
1.822255561721856e+01  1.484261363558471e+01
3.571620900974838e+01 -2.531840609898791e+01
7.000376965910681e+01  1.597966506006196e+01
1.372073885318493e+02 -2.895974464248866e+01
2.689264815224247e+02  2.139932740177028e+01
5.270959037839524e+02 -1.340457440708087e+01
#BASIS SET: (16s) -> [1s]
Pt s
2.177953337809369e-02 -8.215603719486353e-01
4.268788542106363e-02  9.639250366672059e-02
8.366825542528471e-02 -1.170398162648780e+00
1.639897806335580e-01  1.470195360889193e-02
3.214199700417737e-01 -3.313401429855730e+00
6.299831412818762e-01 -6.668549781257752e+00
1.234766956912478e+00 -8.834146911627613e+00
2.420143235548455e+00 -6.040942977182567e+00
4.743480741674971e+00 -4.448045207420364e+00
9.297222253682943e+00 -3.101125701889396e+01
1.822255561721856e+01  1.425596719095483e+01
3.571620900974838e+01 -2.446302059013397e+01
7.000376965910681e+01  1.562311328947544e+01
1.372073885318493e+02 -2.936637769732624e+01
2.689264815224247e+02  2.184345784643665e+01
5.270959037839524e+02 -1.369593263584693e+01
#BASIS SET: (17s) -> [1s]
Au s
2.177953337809369e-02 -2.223106366058346e+00
4.268788542106363e-02  3.788759244605899e+00
8.366825542528471e-02 -6.438291231170297e+00
1.639897806335580e-01  5.682321127504110e+00
3.214199700417737e-01 -9.808620888739824e+00
6.299831412818762e-01  1.546653222292662e+00
1.234766956912478e+00 -1.807414864748716e+01
2.420143235548455e+00  2.975595489144325e+00
4.743480741674971e+00 -1.476127413660288e+01
9.297222253682943e+00 -1.588222673535347e+01
1.822255561721856e+01 -9.089758425951004e+00
3.571620900974838e+01  7.250008851289749e+00
7.000376965910681e+01 -2.515676052123308e+01
1.372073885318493e+02  1.770025069266558e+01
2.689264815224247e+02 -2.242635157331824e+01
5.270959037839524e+02  1.420993980765343e+01
1.033107971416546e+03 -8.292989909241442e+00
#BASIS SET: (17s) -> [1s]
Hg s
2.177953337809369e-02 -2.862733485642821e+00
4.268788542106363e-02  4.439925104146823e+00
8.366825542528471e-02 -6.585235074162483e+00
1.639897806335580e-01  6.235058523714542e+00
3.214199700417737e-01 -1.152684141322970e+01
6.299831412818762e-01  3.545705184340477e+00
1.234766956912478e+00 -1.901626300066710e+01
2.420143235548455e+00  2.093893751502037e+00
4.743480741674971e+00 -1.323856161534786e+01
9.297222253682943e+00 -1.613918179273605e+01
1.822255561721856e+01 -1.102365566790104e+01
3.571620900974838e+01  9.092854931950569e+00
7.000376965910681e+01 -2.644688675552607e+01
1.372073885318493e+02  1.835245618969202e+01
2.689264815224247e+02 -2.301043517887592e+01
5.270959037839524e+02  1.458198766596615e+01
1.033107971416546e+03 -8.492087367223576e+00
#BASIS SET: (18s) -> [1s]
Tl s
5.669391237529597e-03 -6.683653722687239e-01
1.111200682555800e-02  6.757472147845078e-01
2.177953337809369e-02 -1.679120843986993e+00
4.268788542106363e-02  9.200177795460149e-01
8.366825542528471e-02 -2.225945938150289e+00
1.639897806335580e-01  5.385053720438009e-01
3.214199700417737e-01 -4.273235573655256e+00
6.299831412818762e-01 -4.529588063473057e+00
1.234766956912478e+00 -9.256176848299219e+00
2.420143235548455e+00 -1.041217102746305e+01
4.743480741674971e+00  1.736595217982540e+00
9.297222253682943e+00 -3.354565785921295e+01
1.822255561721856e+01  1.054258928453783e+01
3.571620900974838e+01 -2.150926161091775e+01
7.000376965910681e+01  1.490955107938498e+01
1.372073885318493e+02 -3.097113763546804e+01
2.689264815224247e+02  2.337122681012261e+01
5.270959037839524e+02 -1.462357198550696e+01
#BASIS SET: (16s) -> [1s]
Pb s
2.177953337809369e-02 -1.497850464621024e+00
4.268788542106363e-02  1.413205203980397e+00
8.366825542528471e-02 -2.948329334882146e+00
1.639897806335580e-01 -7.836353017337387e-01
3.214199700417737e-01 -3.985954123083502e+00
6.299831412818762e-01 -2.148619307845365e+00
1.234766956912478e+00 -1.157561890536454e+01
2.420143235548455e+00 -9.412887614220381e+00
4.743480741674971e+00  7.861812328919768e-01
9.297222253682943e+00 -3.129922001017258e+01
1.822255561721856e+01  6.940702277235687e+00
3.571620900974838e+01 -1.905495279235765e+01
7.000376965910681e+01  1.381009005475789e+01
1.372073885318493e+02 -3.103301733545959e+01
2.689264815224247e+02  2.368133825180121e+01
5.270959037839524e+02 -1.489143183092665e+01
#BASIS SET: (16s) -> [1s]
Bi s
2.177953337809369e-02 -1.492256212700340e+00
4.268788542106363e-02  5.877251257006719e-01
8.366825542528471e-02 -1.937719178094994e+00
1.639897806335580e-01 -6.662144217989407e-01
3.214199700417737e-01 -4.074036280042492e+00
6.299831412818762e-01 -4.170896767987870e+00
1.234766956912478e+00 -8.423529559979215e+00
2.420143235548455e+00 -1.233799174148589e+01
4.743480741674971e+00  2.498995818430558e+00
9.297222253682943e+00 -3.116839731624350e+01
1.822255561721856e+01  5.286023871973157e+00
3.571620900974838e+01 -1.832582380715758e+01
7.000376965910681e+01  1.400736614689231e+01
1.372073885318493e+02 -3.187571897311136e+01
2.689264815224247e+02  2.432642625318840e+01
5.270959037839524e+02 -1.523395295758291e+01
#BASIS SET: (18s) -> [1s]
Po s
1.111200682555800e-02 -7.827540693641737e-01
2.177953337809369e-02  4.557045987545507e-01
4.268788542106363e-02 -2.203057499327087e+00
8.366825542528471e-02  1.497004572899641e+00
1.639897806335580e-01 -4.496554678656139e+00
3.214199700417737e-01 -1.185073914008171e+00
6.299831412818762e-01 -6.022945520489884e+00
1.234766956912478e+00 -7.952718060194456e+00
2.420143235548455e+00 -1.019744747555524e+01
4.743480741674971e+00 -4.247537973569706e+00
9.297222253682943e+00 -1.758148649739451e+01
1.822255561721856e+01 -1.700987933378201e+01
3.571620900974838e+01  1.296731074852869e+01
7.000376965910681e+01 -2.798368807457155e+01
1.372073885318493e+02  1.826123780169291e+01
2.689264815224247e+02 -2.378053557052044e+01
5.270959037839524e+02  1.541625533835031e+01
1.033107971416546e+03 -9.153834392792746e+00
#BASIS SET: (17s) -> [1s]
At s
2.177953337809369e-02 -1.585640642617363e+00
4.268788542106363e-02  8.335289270617068e-01
8.366825542528471e-02 -2.566110006533563e+00
1.639897806335580e-01  3.373182844370604e-01
3.214199700417737e-01 -7.019824992865324e+00
6.299831412818762e-01 -3.861212804913521e-01
1.234766956912478e+00 -1.308150998502970e+01
2.420143235548455e+00 -5.279042884707451e+00
4.743480741674971e+00 -9.485548824071884e+00
9.297222253682943e+00 -1.166840811073780e+01
1.822255561721856e+01 -2.310914050042629e+01
3.571620900974838e+01  1.714389277249575e+01
7.000376965910681e+01 -3.068406607955694e+01
1.372073885318493e+02  1.987845177948475e+01
2.689264815224247e+02 -2.497087215632200e+01
5.270959037839524e+02  1.606120779179037e+01
1.033107971416546e+03 -9.418114091909956e+00
#BASIS SET: (17s) -> [1s]
Rn s
2.177953337809369e-02 -9.010112127871253e-01
4.268788542106363e-02 -6.717963756527752e-01
8.366825542528471e-02 -9.726466927677393e-01
1.639897806335580e-01 -7.804148010909557e-01
3.214199700417737e-01 -6.991981878876686e+00
6.299831412818762e-01 -6.872555837035179e-01
1.234766956912478e+00 -1.248670750111341e+01
2.420143235548455e+00 -5.699661180377007e+00
4.743480741674971e+00 -9.748828716576099e+00
9.297222253682943e+00 -1.038899650424719e+01
1.822255561721856e+01 -2.492238756269217e+01
3.571620900974838e+01  1.758746709674597e+01
7.000376965910681e+01 -3.043163277208805e+01
1.372073885318493e+02  1.941717496514320e+01
2.689264815224247e+02 -2.493597174063325e+01
5.270959037839524e+02  1.618287456408143e+01
1.033107971416546e+03 -9.568224103364628e+00
#BASIS SET: (19s) -> [1s]
Fr s
5.669391237529597e-03 -9.049353507293745e-01
1.111200682555800e-02  4.535935984079060e-01
2.177953337809369e-02 -7.734386483134585e-01
4.268788542106363e-02  3.257889475207776e-04
8.366825542528471e-02 -1.791314246711408e+00
1.639897806335580e-01 -2.414091581260436e+00
3.214199700417737e-01 -2.800323494535405e+00
6.299831412818762e-01 -5.080160063051153e+00
1.234766956912478e+00 -8.921106780442642e+00
2.420143235548455e+00 -8.569825278827921e+00
4.743480741674971e+00 -7.801054614246823e+00
9.297222253682943e+00 -1.115610307955649e+01
1.822255561721856e+01 -2.479515109676868e+01
3.571620900974838e+01  1.632541101379320e+01
7.000376965910681e+01 -2.885951706022024e+01
1.372073885318493e+02  1.805688271275721e+01
2.689264815224247e+02 -2.438516742736101e+01
5.270959037839524e+02  1.608767703175545e+01
1.033107971416546e+03 -9.671701423636250e+00
#BASIS SET: (19s) -> [1s]
Ra s
5.669391237529597e-03 -6.609776464190986e-01
1.111200682555800e-02 -1.104675314217729e+00
2.177953337809369e-02  7.103434752070825e-01
4.268788542106363e-02 -1.340850665084872e+00
8.366825542528471e-02  1.653799034691474e+00
1.639897806335580e-01 -7.783811617257015e+00
3.214199700417737e-01  6.369658547337167e-01
6.299831412818762e-01 -4.938371473297593e+00
1.234766956912478e+00 -1.085992869711481e+01
2.420143235548455e+00 -6.398133945185691e+00
4.743480741674971e+00 -1.014296466339147e+01
9.297222253682943e+00 -8.395057089859620e+00
1.822255561721856e+01 -2.744526936672628e+01
3.571620900974838e+01  1.725174764031544e+01
7.000376965910681e+01 -2.901798915513791e+01
1.372073885318493e+02  1.796561131114140e+01
2.689264815224247e+02 -2.461100574955344e+01
5.270959037839524e+02  1.633178124763072e+01
1.033107971416546e+03 -9.851213180474303e+00
#BASIS SET: (19s) -> [1s]
Ac s
5.669391237529597e-03 -7.418099547737711e-01
1.111200682555800e-02 -1.754829726560274e-01
2.177953337809369e-02 -1.307933250111091e+00
4.268788542106363e-02  1.000030818369851e+00
8.366825542528471e-02 -1.728697281563655e+00
1.639897806335580e-01 -2.770838241631282e+00
3.214199700417737e-01 -6.250009670708096e+00
6.299831412818762e-01  1.687499101753929e+00
1.234766956912478e+00 -1.568871520875837e+01
2.420143235548455e+00 -2.997714491735678e+00
4.743480741674971e+00 -1.312245197256561e+01
9.297222253682943e+00 -5.322433851310052e+00
1.822255561721856e+01 -3.012239310913719e+01
3.571620900974838e+01  1.809691865509376e+01
7.000376965910681e+01 -2.913407131237909e+01
1.372073885318493e+02  1.788423909340054e+01
2.689264815224247e+02 -2.486247162055224e+01
5.270959037839524e+02  1.659142771153711e+01
1.033107971416546e+03 -1.003509244227303e+01
#BASIS SET: (18s) -> [1s]
Th s
1.111200682555800e-02 -9.298928463825860e-01
2.177953337809369e-02  8.398868545568803e-01
4.268788542106363e-02 -1.849807619864123e+00
8.366825542528471e-02 -3.826497172603922e-01
1.639897806335580e-01 -3.420107543669474e+00
3.214199700417737e-01 -5.131852164226075e+00
6.299831412818762e-01 -3.725378531071328e+00
1.234766956912478e+00 -7.428407744970173e+00
2.420143235548455e+00 -1.090476497392956e+01
4.743480741674971e+00 -6.853250515341642e+00
9.297222253682943e+00 -1.003428393063950e+01
1.822255561721856e+01 -2.610574820524198e+01
3.571620900974838e+01  1.338282527314732e+01
7.000376965910681e+01 -2.495358142675832e+01
1.372073885318493e+02  1.480291743576527e+01
2.689264815224247e+02 -2.334885677701095e+01
5.270959037839524e+02  1.609598719491623e+01
1.033107971416546e+03 -1.005303476201959e+01
#BASIS SET: (20s) -> [1s]
Pa s
2.892546549759998e-03 -4.303354937991912e-01
5.669391237529597e-03  7.887152982461885e-01
1.111200682555800e-02 -2.176550874157329e+00
2.177953337809369e-02  2.045625426995684e+00
4.268788542106363e-02 -2.656156615506916e+00
8.366825542528471e-02  6.532528292300412e-01
1.639897806335580e-01 -3.923683818706195e+00
3.214199700417737e-01 -2.048205790837528e+00
6.299831412818762e-01 -7.357740709790960e+00
1.234766956912478e+00 -6.973509158124216e+00
2.420143235548455e+00 -1.228539482096676e+01
4.743480741674971e+00 -6.047042335849255e+00
9.297222253682943e+00 -8.569489174289629e+00
1.822255561721856e+01 -2.822024710243568e+01
3.571620900974838e+01  1.399362333770841e+01
7.000376965910681e+01 -2.513995368406177e+01
1.372073885318493e+02  1.491733989957720e+01
2.689264815224247e+02 -2.373638082016259e+01
5.270959037839524e+02  1.641799367917702e+01
1.033107971416546e+03 -1.025186007224653e+01
#BASIS SET: (20s) -> [1s]
U s
2.892546549759998e-03 -7.747145242761349e-01
5.669391237529597e-03  1.329074779183884e+00
1.111200682555800e-02 -1.732296683845561e+00
2.177953337809369e-02  1.616563135368779e+00
4.268788542106363e-02 -2.373040286467585e+00
8.366825542528471e-02  2.535471114679240e-01
1.639897806335580e-01 -2.439801451648236e+00
3.214199700417737e-01 -3.553871947282460e+00
6.299831412818762e-01 -7.775994858180638e+00
1.234766956912478e+00 -6.109061220777221e+00
2.420143235548455e+00 -1.421604330139235e+01
4.743480741674971e+00 -5.069115607300773e+00
9.297222253682943e+00 -7.963341502938420e+00
1.822255561721856e+01 -2.887716199271381e+01
3.571620900974838e+01  1.314551141252741e+01
7.000376965910681e+01 -2.414930772501975e+01
1.372073885318493e+02  1.421112976409495e+01
2.689264815224247e+02 -2.365837206086144e+01
5.270959037839524e+02  1.654490421572700e+01
1.033107971416546e+03 -1.040860725566557e+01
#BASIS SET: (18s) -> [1s]
Np s
1.111200682555800e-02 -6.027158766170686e-01
2.177953337809369e-02  7.563919888639248e-01
4.268788542106363e-02 -1.942267183857211e+00
8.366825542528471e-02  3.661201732793415e-01
1.639897806335580e-01 -2.289485658561716e+00
3.214199700417737e-01 -3.552965488757764e+00
6.299831412818762e-01 -8.107277995295590e+00
1.234766956912478e+00 -6.174658787655062e+00
2.420143235548455e+00 -1.500556100712129e+01
4.743480741674971e+00 -5.296310161022120e+00
9.297222253682943e+00 -6.459570625564083e+00
1.822255561721856e+01 -3.005562581596314e+01
3.571620900974838e+01  1.268124639696907e+01
7.000376965910681e+01 -2.352323053189320e+01
1.372073885318493e+02  1.381087681092322e+01
2.689264815224247e+02 -2.378086036798777e+01
5.270959037839524e+02  1.676248852442950e+01
1.033107971416546e+03 -1.058659439416904e+01
#BASIS SET: (19s) -> [1s]
Pu s
5.669391237529597e-03 -5.923359406407940e-01
1.111200682555800e-02 -1.711959515448598e-01
2.177953337809369e-02  1.202917417886056e-01
4.268788542106363e-02 -9.808466919421335e-01
8.366825542528471e-02  1.757123737115762e-02
1.639897806335580e-01 -3.594289513137483e+00
3.214199700417737e-01 -1.426157100388082e+00
6.299831412818762e-01 -8.047247586786398e+00
1.234766956912478e+00 -7.920910091313999e+00
2.420143235548455e+00 -1.342992323404178e+01
4.743480741674971e+00 -7.821320117684081e+00
9.297222253682943e+00 -3.359152300516143e+00
1.822255561721856e+01 -3.228507468360476e+01
3.571620900974838e+01  1.307508332282305e+01
7.000376965910681e+01 -2.364671208569780e+01
1.372073885318493e+02  1.399483466055244e+01
2.689264815224247e+02 -2.427612920827232e+01
5.270959037839524e+02  1.714650234021246e+01
1.033107971416546e+03 -1.080298879717708e+01
#BASIS SET: (18s) -> [1s]
Am s
1.111200682555800e-02 -3.097643688830374e+00
2.177953337809369e-02  4.523819103408982e+00
4.268788542106363e-02 -6.733905943462560e+00
8.366825542528471e-02  7.684899957701418e+00
1.639897806335580e-01 -1.106679525835352e+01
3.214199700417737e-01  2.285898635451304e+00
6.299831412818762e-01 -7.316951614640857e+00
1.234766956912478e+00 -9.698146215116140e+00
2.420143235548455e+00 -1.242661194705579e+01
4.743480741674971e+00 -9.518254954207805e+00
9.297222253682943e+00 -1.343494483880932e+00
1.822255561721856e+01 -3.335183332028100e+01
3.571620900974838e+01  1.250558926624944e+01
7.000376965910681e+01 -2.309392436483176e+01
1.372073885318493e+02  1.374517658771947e+01
2.689264815224247e+02 -2.452945730549982e+01
5.270959037839524e+02  1.742988733202219e+01
1.033107971416546e+03 -1.099825178639225e+01
#BASIS SET: (19s) -> [1s]
Cm s
5.669391237529597e-03 -4.868470235795712e-01
1.111200682555800e-02 -5.404405066713025e-01
2.177953337809369e-02 -8.759178040381812e-01
4.268788542106363e-02  6.977089871215867e-01
8.366825542528471e-02 -1.550734546264721e+00
1.639897806335580e-01 -9.142387459287420e-01
3.214199700417737e-01 -7.695432458480354e+00
6.299831412818762e-01  7.664599928539246e-01
1.234766956912478e+00 -1.513222834843327e+01
2.420143235548455e+00 -8.418580508674495e+00
4.743480741674971e+00 -1.403690791991539e+01
9.297222253682943e+00  2.963120934902690e+00
1.822255561721856e+01 -3.619670291896909e+01
3.571620900974838e+01  1.341782479127869e+01
7.000376965910681e+01 -2.377897806721739e+01
1.372073885318493e+02  1.442077518673614e+01
2.689264815224247e+02 -2.535044422606006e+01
5.270959037839524e+02  1.796012891735882e+01
1.033107971416546e+03 -1.124856573601926e+01
#BASIS SET: (18s) -> [1s]
Bk s
1.111200682555800e-02 -2.865375375462648e+00
2.177953337809369e-02  3.926992408135789e+00
4.268788542106363e-02 -5.816062264433185e+00
8.366825542528471e-02  6.418859034675734e+00
1.639897806335580e-01 -9.108706058876123e+00
3.214199700417737e-01  3.518077436510794e-01
6.299831412818762e-01 -5.829751471017516e+00
1.234766956912478e+00 -1.088447724983416e+01
2.420143235548455e+00 -1.195200877854950e+01
4.743480741674971e+00 -1.321245201023703e+01
9.297222253682943e+00  3.761390193918487e+00
1.822255561721856e+01 -3.634385459721670e+01
3.571620900974838e+01  1.217036457988434e+01
7.000376965910681e+01 -2.288232462131418e+01
1.372073885318493e+02  1.401021647267044e+01
2.689264815224247e+02 -2.551406199159101e+01
5.270959037839524e+02  1.820551099110162e+01
1.033107971416546e+03 -1.143606700550542e+01
#BASIS SET: (19s) -> [1s]
Cf s
5.669391237529597e-03 -5.638055074410318e-01
1.111200682555800e-02 -3.314587609547743e-01
2.177953337809369e-02  1.607012420454339e-01
4.268788542106363e-02 -6.529201997673226e-01
8.366825542528471e-02  1.219027348161035e-01
1.639897806335580e-01 -3.708631314104423e+00
3.214199700417737e-01 -9.922360918426421e-01
6.299831412818762e-01 -7.982843469391810e+00
1.234766956912478e+00 -8.905040769954212e+00
2.420143235548455e+00 -1.334273181058234e+01
4.743480741674971e+00 -1.461109794711228e+01
9.297222253682943e+00  6.352543284767307e+00
1.822255561721856e+01 -3.779880237695761e+01
3.571620900974838e+01  1.199755068751983e+01
7.000376965910681e+01 -2.290154810203239e+01
1.372073885318493e+02  1.428561156988144e+01
2.689264815224247e+02 -2.609495102963410e+01
5.270959037839524e+02  1.863151888386346e+01
1.033107971416546e+03 -1.166376102311864e+01
#BASIS SET: (18s) -> [1s]
Es s
1.111200682555800e-02 -5.891333977750719e-01
2.177953337809369e-02  9.461652379575298e-01
4.268788542106363e-02 -1.897463227816843e+00
8.366825542528471e-02  3.428371509444332e-01
1.639897806335580e-01 -2.326674887410263e+00
3.214199700417737e-01 -1.321915196782356e+00
6.299831412818762e-01 -1.054910277063391e+01
1.234766956912478e+00 -5.367796703212662e+00
2.420143235548455e+00 -1.711180374817923e+01
4.743480741674971e+00 -1.350728825165424e+01
9.297222253682943e+00  6.386164470051881e+00
1.822255561721856e+01 -3.682220279372996e+01
3.571620900974838e+01  9.821322881092783e+00
7.000376965910681e+01 -2.142957774992101e+01
1.372073885318493e+02  1.353093850146979e+01
2.689264815224247e+02 -2.606581966963131e+01
5.270959037839524e+02  1.879566534800688e+01
1.033107971416546e+03 -1.183431519277644e+01
#BASIS SET: (17s) -> [1s]
Fm s
2.177953337809369e-02 -6.745390652213246e-01
4.268788542106363e-02  5.319072357378900e-01
8.366825542528471e-02 -2.795758437365294e+00
1.639897806335580e-01  1.495227232575417e+00
3.214199700417737e-01 -5.056151341646910e+00
6.299831412818762e-01 -6.728453058749437e+00
1.234766956912478e+00 -9.123947560787201e+00
2.420143235548455e+00 -1.382384353876114e+01
4.743480741674971e+00 -1.839323494583368e+01
9.297222253682943e+00  1.101350556313992e+01
1.822255561721856e+01 -3.947484817355871e+01
3.571620900974838e+01  1.068427317589521e+01
7.000376965910681e+01 -2.241527084261179e+01
1.372073885318493e+02  1.455352161824703e+01
2.689264815224247e+02 -2.710700306668878e+01
5.270959037839524e+02  1.942268694937229e+01
1.033107971416546e+03 -1.210807174374349e+01
#BASIS SET: (19s) -> [1s]
Md s
5.669391237529597e-03 -4.966458467201278e-01
1.111200682555800e-02 -3.286206530647178e-01
2.177953337809369e-02  3.122100784348731e-01
4.268788542106363e-02 -9.907041115293396e-01
8.366825542528471e-02  1.729696697802865e-01
1.639897806335580e-01 -3.064263089385349e+00
3.214199700417737e-01 -1.354272019525524e+00
6.299831412818762e-01 -6.595116499054711e+00
1.234766956912478e+00 -1.105630834726617e+01
2.420143235548455e+00 -1.148283587914193e+01
4.743480741674971e+00 -2.205247733485885e+01
9.297222253682943e+00  1.385336030262988e+01
1.822255561721856e+01 -4.037057800334878e+01
3.571620900974838e+01  1.019471216341481e+01
7.000376965910681e+01 -2.243755566375330e+01
1.372073885318493e+02  1.492790234088898e+01
2.689264815224247e+02 -2.777531688497402e+01
5.270959037839524e+02  1.989183466543909e+01
1.033107971416546e+03 -1.234829488796510e+01
#BASIS SET: (18s) -> [1s]
No s
1.111200682555800e-02 -2.562327903906805e+00
2.177953337809369e-02  3.148097679325247e+00
4.268788542106363e-02 -4.535494620007739e+00
8.366825542528471e-02  4.556646459701369e+00
1.639897806335580e-01 -5.732067410544914e+00
3.214199700417737e-01 -3.128131917585051e+00
6.299831412818762e-01 -1.469511281349696e+00
1.234766956912478e+00 -1.533482826589898e+01
2.420143235548455e+00 -8.472719711659010e+00
4.743480741674971e+00 -2.542581175809028e+01
9.297222253682943e+00  1.583235777798109e+01
1.822255561721856e+01 -4.032028293528128e+01
3.571620900974838e+01  8.980225399252959e+00
7.000376965910681e+01 -2.196551027835812e+01
1.372073885318493e+02  1.497167128068395e+01
2.689264815224247e+02 -2.824860798905138e+01
5.270959037839524e+02  2.027681683580158e+01
1.033107971416546e+03 -1.257052136101294e+01
#BASIS SET: (19s) -> [1s]
Lr s
5.669391237529597e-03 -1.211295226274331e+00
1.111200682555800e-02  1.505637007463065e+00
2.177953337809369e-02 -3.598538076605109e+00
4.268788542106363e-02  3.275135800504358e+00
8.366825542528471e-02 -5.817219881391793e+00
1.639897806335580e-01  6.411204687523423e+00
3.214199700417737e-01 -1.448507051799970e+01
6.299831412818762e-01  7.613146173418500e+00
1.234766956912478e+00 -2.053981869525160e+01
2.420143235548455e+00 -5.313271041959524e+00
4.743480741674971e+00 -2.866799433797132e+01
9.297222253682943e+00  1.745548494195100e+01
1.822255561721856e+01 -3.995053253322840e+01
3.571620900974838e+01  7.643531463574618e+00
7.000376965910681e+01 -2.150010807067156e+01
1.372073885318493e+02  1.504890404129401e+01
2.689264815224247e+02 -2.874584604194388e+01
5.270959037839524e+02  2.067232040874660e+01
1.033107971416546e+03 -1.279567010117836e+01
#BASIS SET: (18s) -> [1s]
Rf s
1.111200682555800e-02 -9.183556490023506e-01
2.177953337809369e-02  1.043555888873584e+00
4.268788542106363e-02 -1.954030304581238e+00
8.366825542528471e-02  7.684354505754527e-01
1.639897806335580e-01 -4.030806398657660e+00
3.214199700417737e-01 -1.252932431818408e+00
6.299831412818762e-01 -7.673803286768816e+00
1.234766956912478e+00 -8.499880532406678e+00
2.420143235548455e+00 -1.169981972704409e+01
4.743480741674971e+00 -2.580101706250571e+01
9.297222253682943e+00  1.408215762715554e+01
1.822255561721856e+01 -3.540552450291580e+01
3.571620900974838e+01  3.038401144265663e+00
7.000376965910681e+01 -1.860282251168974e+01
1.372073885318493e+02  1.344298088946380e+01
2.689264815224247e+02 -2.824940170533955e+01
5.270959037839524e+02  2.063811064208858e+01
1.033107971416546e+03 -1.292524752969258e+01
#BASIS SET: (17s) -> [1s]
Db s
2.177953337809369e-02 -1.548976326186676e+00
4.268788542106363e-02  2.275641967542470e+00
8.366825542528471e-02 -4.489908279851079e+00
1.639897806335580e-01  2.148587442934513e+00
3.214199700417737e-01 -8.061700131744146e+00
6.299831412818762e-01 -2.077075835317373e+00
1.234766956912478e+00 -1.361903039366007e+01
2.420143235548455e+00 -5.894809454679489e+00
4.743480741674971e+00 -3.171297904103994e+01
9.297222253682943e+00  1.757063820213079e+01
1.822255561721856e+01 -3.659750148653984e+01
3.571620900974838e+01  3.275496244430542e+00
7.000376965910681e+01 -1.955945435166359e+01
1.372073885318493e+02  1.457954128086567e+01
2.689264815224247e+02 -2.938289213553071e+01
5.270959037839524e+02  2.130480756051838e+01
1.033107971416546e+03 -1.321038526220946e+01
#BASIS SET: (18s) -> [1s]
Sg s
1.111200682555800e-02 -6.775332504941360e-01
2.177953337809369e-02  2.179312683578019e-01
4.268788542106363e-02 -6.385374820438301e-01
8.366825542528471e-02 -4.703897007120759e-01
1.639897806335580e-01 -3.145002320303320e+00
3.214199700417737e-01 -2.719048737026242e+00
6.299831412818762e-01 -6.523536682208942e+00
1.234766956912478e+00 -1.009148898527928e+01
2.420143235548455e+00 -8.259423639814486e+00
4.743480741674971e+00 -2.999767864411115e+01
9.297222253682943e+00  1.431740106421057e+01
1.822255561721856e+01 -3.219788229413098e+01
3.571620900974838e+01 -8.937135681626387e-01
7.000376965910681e+01 -1.717504293331876e+01
1.372073885318493e+02  1.336162125691772e+01
2.689264815224247e+02 -2.911113783938345e+01
5.270959037839524e+02  2.136629231978441e+01
1.033107971416546e+03 -1.336282983228121e+01
#BASIS SET: (18s) -> [1s]
Bh s
1.111200682555800e-02 -1.298646724545804e+00
2.177953337809369e-02  4.464604489946851e-01
4.268788542106363e-02 -9.783423846031383e-01
8.366825542528471e-02 -2.447341351398791e-02
1.639897806335580e-01 -1.253272487632785e+00
3.214199700417737e-01 -6.344697961523707e+00
6.299831412818762e-01 -4.171289879297547e+00
1.234766956912478e+00 -1.051525339042564e+01
2.420143235548455e+00 -8.444072811587830e+00
4.743480741674971e+00 -2.944113088228914e+01
9.297222253682943e+00  1.175601972787990e+01
1.822255561721856e+01 -2.842866041330853e+01
3.571620900974838e+01 -4.391887385980226e+00
7.000376965910681e+01 -1.539038378477562e+01
1.372073885318493e+02  1.257688123430125e+01
2.689264815224247e+02 -2.909306853171438e+01
5.270959037839524e+02  2.153507042268757e+01
1.033107971416546e+03 -1.353925178266506e+01
#BASIS SET: (18s) -> [1s]
Hs s
1.111200682555800e-02 -8.341201077157905e-01
2.177953337809369e-02  8.790079144666834e-01
4.268788542106363e-02 -2.283173940496454e+00
8.366825542528471e-02  1.475081697575661e+00
1.639897806335580e-01 -3.167066785023053e+00
3.214199700417737e-01 -2.779098271024850e+00
6.299831412818762e-01 -9.160898144582461e+00
1.234766956912478e+00 -8.925981476153538e+00
2.420143235548455e+00 -6.700564324521110e+00
4.743480741674971e+00 -3.138374833459966e+01
9.297222253682943e+00  1.128727328829700e+01
1.822255561721856e+01 -2.652256742934696e+01
3.571620900974838e+01 -6.170834725373425e+00
7.000376965910681e+01 -1.504709996806923e+01
1.372073885318493e+02  1.283545416744892e+01
2.689264815224247e+02 -2.969612549326848e+01
5.270959037839524e+02  2.196771418547723e+01
1.033107971416546e+03 -1.377325225309048e+01
#BASIS SET: (17s) -> [1s]
Mt s
2.177953337809369e-02 -1.407885967637412e+00
4.268788542106363e-02  1.344102207571268e+00
8.366825542528471e-02 -3.147294190712273e+00
1.639897806335580e-01  2.097782246768475e+00
3.214199700417737e-01 -7.831320263445377e+00
6.299831412818762e-01 -4.908788286149502e+00
1.234766956912478e+00 -1.403986150026321e+01
2.420143235548455e+00 -1.154428042471409e+00
4.743480741674971e+00 -3.568506939709187e+01
9.297222253682943e+00  1.274505364894867e+01
1.822255561721856e+01 -2.645730164647102e+01
3.571620900974838e+01 -6.238136500120163e+00
7.000376965910681e+01 -1.610822957009077e+01
1.372073885318493e+02  1.408763639628887e+01
2.689264815224247e+02 -3.088333916664124e+01
5.270959037839524e+02  2.265012596547604e+01
1.033107971416546e+03 -1.406304593395907e+01
#BASIS SET: (17s) -> [1s]
Ds s
2.177953337809369e-02 -8.473364649689756e-01
4.268788542106363e-02  2.715228963643312e-02
8.366825542528471e-02 -1.438781350851059e+00
1.639897806335580e-01  3.357661515474319e-01
3.214199700417737e-01 -5.682243831455708e+00
6.299831412818762e-01 -7.300320878624916e+00
1.234766956912478e+00 -1.335636290907860e+01
2.420143235548455e+00 -9.442454874515533e-01
4.743480741674971e+00 -3.501565833389759e+01
9.297222253682943e+00  9.891752883791924e+00
1.822255561721856e+01 -2.294107347726822e+01
3.571620900974838e+01 -8.951182991266251e+00
7.000376965910681e+01 -1.517304385453463e+01
1.372073885318493e+02  1.392209500074387e+01
2.689264815224247e+02 -3.121789243072271e+01
5.270959037839524e+02  2.296292967163026e+01
1.033107971416546e+03 -1.427155398722971e+01
#BASIS SET: (18s) -> [1s]
Rg s
1.111200682555800e-02 -6.835231560231705e-01
2.177953337809369e-02  1.757588680699200e-01
4.268788542106363e-02 -9.472186794073423e-01
8.366825542528471e-02 -1.717608273520455e-02
1.639897806335580e-01 -2.179500749678482e+00
3.214199700417737e-01 -3.199406468178495e+00
6.299831412818762e-01 -8.116116654786310e+00
1.234766956912478e+00 -1.398707836359245e+01
2.420143235548455e+00 -4.670339062431594e-01
4.743480741674971e+00 -3.422056054472341e+01
9.297222253682943e+00  7.027167659776751e+00
1.822255561721856e+01 -1.965827765141148e+01
3.571620900974838e+01 -1.129485685401596e+01
7.000376965910681e+01 -1.457168279995676e+01
1.372073885318493e+02  1.397929956112057e+01
2.689264815224247e+02 -3.167386135307606e+01
5.270959037839524e+02  2.332571672275662e+01
1.033107971416546e+03 -1.449164954789558e+01
#BASIS SET: (18s) -> [1s]
Cn s
1.111200682555800e-02 -7.436983334214347e-01
2.177953337809369e-02 -4.710327829033076e-01
4.268788542106363e-02 -2.087244133585955e-01
8.366825542528471e-02 -5.182653274459881e-03
1.639897806335580e-01 -2.022545835352503e+00
3.214199700417737e-01 -4.964443393429974e+00
6.299831412818762e-01 -5.140563590084639e+00
1.234766956912478e+00 -1.683545307665918e+01
2.420143235548455e+00  1.174309486872517e+00
4.743480741674971e+00 -3.419984179674066e+01
9.297222253682943e+00  4.930194775515702e+00
1.822255561721856e+01 -1.724860304151662e+01
3.571620900974838e+01 -1.276138948102016e+01
7.000376965910681e+01 -1.468927820818499e+01
1.372073885318493e+02  1.452875568880700e+01
2.689264815224247e+02 -3.241096889413893e+01
5.270959037839524e+02  2.380656543147052e+01
1.033107971416546e+03 -1.473809988258029e+01
#BASIS SET: (19s) -> [1s]
Nh s
5.669391237529597e-03 -7.244503730306064e-01
1.111200682555800e-02  7.372723947355553e-01
2.177953337809369e-02 -1.990498364346422e+00
4.268788542106363e-02  1.342310738691594e+00
8.366825542528471e-02 -3.026690916114603e+00
1.639897806335580e-01  1.554312489308359e+00
3.214199700417737e-01 -8.040784788434394e+00
6.299831412818762e-01 -2.255246505344985e+00
1.234766956912478e+00 -1.899387099919841e+01
2.420143235548455e+00  1.915332954435144e+00
4.743480741674971e+00 -3.334905883995816e+01
9.297222253682943e+00  2.295104585122317e+00
1.822255561721856e+01 -1.463662634743378e+01
3.571620900974838e+01 -1.422919883392751e+01
7.000376965910681e+01 -1.483910924103111e+01
1.372073885318493e+02  1.508286009589210e+01
2.689264815224247e+02 -3.313887666189112e+01
5.270959037839524e+02  2.428053725860082e+01
1.033107971416546e+03 -1.498331864607479e+01
#BASIS SET: (17s) -> [1s]
Fl s
2.177953337809369e-02 -1.942411746713333e+00
4.268788542106363e-02  2.370507023297250e+00
8.366825542528471e-02 -4.897245339117944e+00
1.639897806335580e-01  7.749787140637636e-01
3.214199700417737e-01 -6.501573912799358e+00
6.299831412818762e-01 -1.626044757664204e+00
1.234766956912478e+00 -2.045031990855932e+01
2.420143235548455e+00  2.594327971339226e+00
4.743480741674971e+00 -3.282015891373158e+01
9.297222253682943e+00  3.242318332195282e-01
1.822255561721856e+01 -1.292179788649082e+01
3.571620900974838e+01 -1.477549800276756e+01
7.000376965910681e+01 -1.574182532727718e+01
1.372073885318493e+02  1.615276426076889e+01
2.689264815224247e+02 -3.416295129060745e+01
5.270959037839524e+02  2.487958934716880e+01
1.033107971416546e+03 -1.525657206412870e+01
#BASIS SET: (17s) -> [1s]
Mc s
2.177953337809369e-02 -2.053460385359358e+00
4.268788542106363e-02  1.639023249968886e+00
8.366825542528471e-02 -3.712891681119800e+00
1.639897806335580e-01  1.035088844597340e+00
3.214199700417737e-01 -7.818995296955109e+00
6.299831412818762e-01 -2.034415453672409e+00
1.234766956912478e+00 -1.812701560556889e+01
2.420143235548455e+00 -5.084394887089729e-01
4.743480741674971e+00 -2.925786279141903e+01
9.297222253682943e+00 -3.976335898041725e+00
1.822255561721856e+01 -9.447393417358398e+00
3.571620900974838e+01 -1.667346948385239e+01
7.000376965910681e+01 -1.557643997669220e+01
1.372073885318493e+02  1.642775212973356e+01
2.689264815224247e+02 -3.469646213203669e+01
5.270959037839524e+02  2.526409793831408e+01
1.033107971416546e+03 -1.548278055182891e+01
#BASIS SET: (18s) -> [1s]
Lv s
1.111200682555800e-02 -9.318931638278798e-01
2.177953337809369e-02  5.207830175164645e-01
4.268788542106363e-02 -2.367354397235886e+00
8.366825542528471e-02  1.371776267587848e+00
1.639897806335580e-01 -5.066408341424903e+00
3.214199700417737e-01 -1.842410333112639e+00
6.299831412818762e-01 -7.916420451118029e+00
1.234766956912478e+00 -1.213566579081089e+01
2.420143235548455e+00 -6.306347028585151e+00
4.743480741674971e+00 -2.358655345597072e+01
9.297222253682943e+00 -9.851472971582552e+00
1.822255561721856e+01 -4.863588897918817e+00
3.571620900974838e+01 -1.937441822153050e+01
7.000376965910681e+01 -1.477910132508259e+01
1.372073885318493e+02  1.622196791728493e+01
2.689264815224247e+02 -3.492878696892876e+01
5.270959037839524e+02  2.551595815730980e+01
1.033107971416546e+03 -1.568006401256972e+01
#BASIS SET: (17s) -> [1s]
Ts s
2.177953337809369e-02 -2.112764893099666e+00
4.268788542106363e-02  1.670027275569737e+00
8.366825542528471e-02 -3.775026024319232e+00
1.639897806335580e-01  4.969745390117168e-01
3.214199700417737e-01 -8.054860129952431e+00
6.299831412818762e-01 -2.025159336626530e+00
1.234766956912478e+00 -1.729834204912186e+01
2.420143235548455e+00 -1.692559435963631e+00
4.743480741674971e+00 -2.732995729148388e+01
9.297222253682943e+00 -7.386572480201721e+00
1.822255561721856e+01 -7.504521444439888e+00
3.571620900974838e+01 -1.608018721640110e+01
7.000376965910681e+01 -1.862356871366501e+01
1.372073885318493e+02  1.926550386846066e+01
2.689264815224247e+02 -3.708027223497629e+01
5.270959037839524e+02  2.659029909782112e+01
1.033107971416546e+03 -1.605901353061199e+01
#BASIS SET: (17s) -> [1s]
Og s
2.177953337809369e-02 -1.294760107470211e+00
4.268788542106363e-02 -3.777095396071672e-01
8.366825542528471e-02 -1.156230752356350e+00
1.639897806335580e-01 -2.062383782118559e+00
3.214199700417737e-01 -6.740785725414753e+00
6.299831412818762e-01 -3.014338135719299e+00
1.234766956912478e+00 -1.635621488094330e+01
2.420143235548455e+00 -2.396625004708767e+00
4.743480741674971e+00 -2.642468926310539e+01
9.297222253682943e+00 -8.888857021927834e+00
1.822255561721856e+01 -6.852011650800705e+00
3.571620900974838e+01 -1.548754817247391e+01
7.000376965910681e+01 -2.030353319644928e+01
1.372073885318493e+02  2.072343978285789e+01
2.689264815224247e+02 -3.826823274046183e+01
5.270959037839524e+02  2.724661428481340e+01
1.033107971416546e+03 -1.634613409411395e+01
