0.700000  -1.54023192e+02  -1.54023192e+02  -1.54556249e+02
0.800000  -1.54110921e+02  -1.54110921e+02  -1.54646035e+02
0.900000  -1.54139650e+02  -1.54139650e+02  -1.54677445e+02
1.000000  -1.54138090e+02  -1.54138090e+02  -1.54678947e+02
1.100000  -1.54121353e+02  -1.54121353e+02  -1.54665517e+02
1.200000  -1.54097542e+02  -1.54097542e+02  -1.54645283e+02
1.300000  -1.54071053e+02  -1.54071053e+02  -1.54622715e+02
1.400000  -1.54044263e+02  -1.54044263e+02  -1.54600259e+02
1.500000  -1.54018407e+02  -1.54018407e+02  -1.54579214e+02
1.600000  -1.53994082e+02  -1.53994082e+02  -1.54560215e+02
1.700000  -1.53971535e+02  -1.53971535e+02  -1.54543513e+02
1.800000  -1.53950830e+02  -1.53950830e+02  -1.54529129e+02
1.900000  -1.53931927e+02  -1.53931927e+02  -1.54516943e+02
2.000000  -1.53914729e+02  -1.53914729e+02  -1.54506756e+02
2.100000  -1.53899110e+02  -1.53899110e+02  -1.54498322e+02
2.200000  -1.53884930e+02  -1.53884930e+02  -1.54491389e+02
2.300000  -1.53872054e+02  -1.53872054e+02  -1.54485714e+02
2.400000  -1.53860353e+02  -1.53860353e+02  -1.54481077e+02
2.500000  -1.53849710e+02  -1.53849710e+02  -1.54477289e+02
2.600000  -1.53840021e+02  -1.53840021e+02  -1.54474191e+02
2.700000  -1.53831190e+02  -1.53831190e+02  -1.54471650e+02
2.800000  -1.53823132e+02  -1.53823132e+02  -1.54469557e+02
2.900000  -1.53815767e+02  -1.53815767e+02  -1.54467827e+02
3.000000  -1.53809028e+02  -1.53809028e+02  -1.54466389e+02
3.100000  -1.53802854e+02  -1.53802854e+02  -1.54465188e+02
3.200000  -1.53797190e+02  -1.53797190e+02  -1.54464183e+02
3.300000  -1.53791990e+02  -1.53791990e+02  -1.54463337e+02
3.400000  -1.53756395e+02  -1.53756395e+02  -1.54458660e+02
