0.700000  -1.54023192e+02  -1.54023192e+02  -1.54635113e+02
0.800000  -1.54110921e+02  -1.54110921e+02  -1.54725128e+02
0.900000  -1.54139650e+02  -1.54139650e+02  -1.54756742e+02
1.000000  -1.54138090e+02  -1.54138090e+02  -1.54758418e+02
1.100000  -1.54121353e+02  -1.54121353e+02  -1.54745316e+02
1.200000  -1.54097542e+02  -1.54097542e+02  -1.54725412e+02
1.300000  -1.54071053e+02  -1.54071053e+02  -1.54703144e+02
1.400000  -1.54044263e+02  -1.54044263e+02  -1.54680965e+02
1.500000  -1.54018407e+02  -1.54018407e+02  -1.54660172e+02
1.600000  -1.53994082e+02  -1.53994082e+02  -1.54641401e+02
1.700000  -1.53971535e+02  -1.53971535e+02  -1.54624902e+02
1.800000  -1.53950830e+02  -1.53950830e+02  -1.54610698e+02
1.900000  -1.53931927e+02  -1.53931927e+02  -1.54598682e+02
2.000000  -1.53914729e+02  -1.53914729e+02  -1.54588673e+02
2.100000  -1.53899110e+02  -1.53899110e+02  -1.54580442e+02
2.200000  -1.53884930e+02  -1.53884930e+02  -1.54573730e+02
2.300000  -1.53872054e+02  -1.53872054e+02  -1.54568292e+02
2.400000  -1.53860353e+02  -1.53860353e+02  -1.54563879e+02
2.500000  -1.53849710e+02  -1.53849710e+02  -1.54560289e+02
2.600000  -1.53840021e+02  -1.53840021e+02  -1.54557390e+02
2.700000  -1.53831190e+02  -1.53831190e+02  -1.54555056e+02
2.800000  -1.53823132e+02  -1.53823132e+02  -1.54553172e+02
2.900000  -1.53815767e+02  -1.53815767e+02  -1.54551645e+02
3.000000  -1.53809028e+02  -1.53809028e+02  -1.54550399e+02
3.100000  -1.53802854e+02  -1.53802854e+02  -1.54549377e+02
3.200000  -1.53797190e+02  -1.53797190e+02  -1.54548378e+02
3.300000  -1.53791990e+02  -1.53791990e+02  -1.54547682e+02
3.400000  -1.53756382e+02  -1.53756382e+02  -1.54543655e+02
3.500000  -1.53750837e+02  -1.53750837e+02  -1.54554397e+02
3.600000  -1.53762635e+02  -1.53762635e+02  -1.54545142e+02
3.700000  -1.53760431e+02  -1.53760431e+02  -1.54544790e+02
3.800000  -1.53755327e+02  -1.53755327e+02  -1.54543971e+02
